389.869 414.776
418.011 416.364
446.414 417.92
474.88 419.493
503.5 421.093
532.331 422.702
561.258 424.433
590.212 426.151
619.266 427.895
648.296 429.686
677.295 431.542
706.313 433.435
735.241 435.368
763.949 437.269
387.965 443.423
416.127 445.002
444.491 446.63
473.011 448.324
501.617 449.937
530.439 451.628
559.395 453.392
588.367 455.168
617.421 456.874
646.454 458.687
675.469 460.533
704.481 462.419
733.447 464.286
762.25 466.192
386.171 472.217
414.29 473.809
442.6 475.514
471.184 477.23
499.748 478.905
528.558 480.635
557.513 482.45
586.485 484.235
615.55 486.025
644.592 487.794
673.636 489.635
702.65 491.475
731.638 493.355
760.466 495.203
384.35 500.831
412.476 502.586
440.777 504.346
469.331 506.114
497.882 507.824
526.706 509.622
555.63 511.438
584.625 513.291
613.676 515.098
642.772 516.876
671.78 518.697
700.852 520.553
729.808 522.378
758.658 524.21
382.462 529.525
410.625 531.354
439.032 533.192
467.507 534.958
496.124 536.766
524.859 538.601
553.803 540.47
582.761 542.316
611.847 544.154
640.915 545.947
669.981 547.77
699.041 549.586
728.007 551.435
756.791 553.202
380.594 558.267
408.791 560.134
437.242 561.995
465.707 563.863
494.334 565.752
523.121 567.644
552 569.535
580.971 571.426
610.03 573.278
639.102 575.122
668.14 576.9
697.189 578.721
726.156 580.499
754.932 582.286
378.875 586.806
407.06 588.774
435.462 590.734
463.909 592.683
492.521 594.646
521.314 596.58
550.222 598.511
579.166 600.423
608.218 602.32
637.236 604.168
666.261 605.968
695.284 607.725
724.259 609.507
753.024 611.217
377.342 615.391
405.419 617.433
433.68 619.466
462.2 621.497
490.716 623.492
519.506 625.469
548.404 627.408
577.344 629.342
606.362 631.239
635.367 633.121
664.356 634.88
693.363 636.648
722.314 638.385
751.093 640.055
375.704 643.969
403.755 646.063
432.069 648.178
460.478 650.261
489.036 652.315
517.718 654.325
546.595 656.311
575.496 658.228
604.511 660.135
633.483 661.948
662.452 663.761
691.418 665.502
720.335 667.226
749.089 668.814
374.06 672.477
402.181 674.577
430.42 676.698
458.788 678.827
487.33 680.932
516.023 682.975
544.825 684.982
573.696 686.911
602.648 688.809
631.617 690.679
660.546 692.484
689.492 694.229
718.375 695.82
747.087 697.446
