475.055 370.966
502.622 373.33
530.29 375.702
557.762 378.09
585.163 380.447
612.473 382.879
639.645 385.374
666.618 387.852
693.52 390.426
720.172 392.94
746.515 395.572
772.663 398.191
798.589 400.793
824.213 403.421
472.371 397.322
500.156 399.625
527.936 401.987
555.642 404.379
583.274 406.698
610.706 409.123
638.156 411.563
665.356 413.988
692.385 416.459
719.22 418.925
745.706 421.416
772.129 423.914
798.246 426.442
823.977 428.94
469.694 424.138
497.64 426.424
525.618 428.711
553.538 431.075
581.303 433.417
608.983 435.739
636.573 438.152
663.922 440.507
691.25 442.876
718.237 445.3
744.951 447.668
771.523 450.089
797.786 452.495
823.748 454.854
467.022 451.225
495.222 453.511
523.358 455.781
551.403 458.105
579.349 460.397
607.252 462.672
634.996 465.019
662.558 467.345
689.998 469.625
717.252 471.924
744.19 474.27
770.884 476.565
797.394 478.833
823.503 481.162
464.252 478.645
492.632 480.927
521.02 483.244
549.294 485.484
577.386 487.713
605.462 489.989
633.418 492.289
661.196 494.494
688.758 496.706
716.215 498.938
743.354 501.206
770.274 503.404
796.85 505.577
823.219 507.714
461.416 506.538
490.03 508.768
518.604 511.051
547.127 513.304
575.421 515.5
603.667 517.702
631.777 519.887
659.739 522.119
687.54 524.282
715.156 526.421
742.463 528.526
769.543 530.632
796.372 532.702
822.788 534.748
458.648 534.661
487.463 536.908
516.279 539.177
544.88 541.371
573.424 543.548
601.823 545.699
630.215 547.837
658.34 549.966
686.315 552.106
714.011 554.158
741.507 556.211
768.745 558.194
795.748 560.156
822.404 562.06
456.055 563.201
484.961 565.41
513.847 567.573
542.672 569.766
571.409 571.902
600.052 574.046
628.542 576.111
656.832 578.175
685.005 580.184
712.875 582.186
740.54 584.116
767.952 586.02
795.114 587.816
821.869 589.645
453.357 592.128
482.449 594.277
511.534 596.438
540.514 598.553
569.423 600.634
598.226 602.674
626.889 604.688
655.379 606.643
683.667 608.605
711.73 610.494
739.542 612.37
767.143 614.143
794.411 615.86
821.339 617.556
450.534 621.311
479.88 623.404
509.207 625.487
538.392 627.554
567.402 629.593
596.401 631.577
625.271 633.522
653.851 635.416
682.387 637.274
710.592 639.079
738.53 640.801
766.273 642.5
793.644 644.117
820.714 645.662
