396.504 297.655
424.546 298.905
452.798 300.251
481.233 301.518
509.634 302.826
538.328 304.329
567.085 305.79
595.822 307.413
624.692 309.103
653.559 310.784
682.4 312.608
711.254 314.495
739.958 316.471
768.55 318.428
394.449 325.855
422.475 327.207
450.752 328.521
479.237 329.869
507.698 331.336
536.399 332.772
565.248 334.366
594.06 335.949
622.949 337.612
651.826 339.378
680.701 341.183
709.597 343.024
738.423 344.9
767.067 346.859
392.423 354.331
420.471 355.629
448.75 357.06
477.263 358.467
505.742 359.918
534.488 361.469
563.355 363.073
592.242 364.666
621.209 366.391
650.165 368.141
679.079 369.876
707.989 371.704
736.819 373.599
765.528 375.527
390.401 382.701
418.493 384.198
446.778 385.592
475.29 387.119
503.787 388.6
532.57 390.225
561.465 391.771
590.394 393.477
619.4 395.201
648.402 396.9
677.379 398.674
706.358 400.526
735.264 402.397
763.963 404.294
388.301 411.277
416.488 412.717
444.838 414.287
473.368 415.792
501.911 417.401
530.659 419.002
559.596 420.644
588.546 422.369
617.587 424.103
646.616 425.802
675.637 427.61
704.642 429.425
733.578 431.294
762.385 433.118
386.244 439.87
414.453 441.458
442.855 443.055
471.434 444.65
500.036 446.331
528.821 447.991
557.724 449.66
586.728 451.421
615.767 453.169
644.86 454.89
673.884 456.668
702.951 458.513
731.905 460.306
760.702 462.143
384.295 468.52
412.479 470.186
440.956 471.806
469.486 473.51
498.162 475.268
526.965 476.939
555.912 478.683
584.898 480.462
614.014 482.268
643.109 484.017
672.174 485.776
701.248 487.559
730.244 489.38
759.039 491.144
382.458 497.219
410.626 498.901
439.043 500.653
467.586 502.446
496.289 504.222
525.123 505.963
554.126 507.711
583.129 509.53
612.24 511.329
641.323 513.133
670.394 514.862
699.455 516.657
728.462 518.407
757.327 520.178
380.616 526.002
408.782 527.746
437.227 529.572
465.717 531.419
494.434 533.251
523.291 535.051
552.304 536.839
581.313 538.634
610.421 540.451
639.505 542.256
668.583 544.047
697.643 545.772
726.641 547.515
755.507 549.239
378.708 554.761
406.976 556.585
435.392 558.455
463.923 560.342
492.581 562.214
521.465 564.036
550.454 565.87
579.491 567.685
608.591 569.508
637.699 571.335
666.749 573.118
695.837 574.815
724.833 576.527
753.684 578.213
