165.449 211.601
196.955 214.795
228.332 217.961
259.318 221.086
289.957 224.181
320.47 227.317
350.707 230.47
380.649 233.625
410.399 236.874
439.74 240.187
468.827 243.49
497.61 246.819
526.112 250.275
554.115 253.602
162.812 241.586
194.379 244.572
225.699 247.581
256.745 250.551
287.507 253.512
318.046 256.504
348.377 259.507
378.365 262.536
408.167 265.58
437.577 268.668
466.692 271.787
495.577 274.98
524.132 278.188
552.231 281.402
160.348 271.749
191.83 274.585
223.213 277.442
254.302 280.264
285.052 283.072
315.614 285.856
345.998 288.722
376.078 291.601
405.883 294.51
435.435 297.44
464.629 300.386
493.567 303.36
522.195 306.368
550.367 309.361
157.8 301.938
189.427 304.647
220.733 307.349
251.828 309.994
282.61 312.645
313.299 315.37
343.653 318.047
373.784 320.732
403.69 323.492
433.337 326.269
462.568 328.997
491.588 331.797
520.282 334.612
548.506 337.461
155.29 332.268
186.951 334.798
218.386 337.375
249.489 339.858
280.324 342.417
310.97 344.925
341.446 347.493
371.591 350.043
401.575 352.61
431.26 355.232
460.578 357.787
489.625 360.446
518.379 363.101
546.65 365.663
152.74 362.69
184.483 365.118
215.973 367.523
247.205 369.924
278.062 372.346
308.734 374.713
339.282 377.171
369.488 379.546
399.478 381.972
429.218 384.421
458.579 386.806
487.708 389.315
516.5 391.696
544.833 394.194
150.422 393.17
182.159 395.456
213.668 397.721
244.862 400.019
275.785 402.318
306.569 404.553
337.16 406.821
367.404 409.123
397.456 411.405
427.219 413.627
456.632 415.9
485.797 418.195
514.649 420.444
543.097 422.648
148.28 423.716
179.944 425.849
211.456 428.038
242.677 430.238
273.641 432.357
304.474 434.473
335.084 436.574
365.385 438.686
395.468 440.811
425.287 442.949
454.715 445.072
483.968 447.173
512.808 449.225
541.318 451.284
146.13 454.444
177.803 456.448
209.363 458.473
240.594 460.489
271.596 462.495
302.436 464.485
333.092 466.466
363.424 468.424
393.556 470.401
423.393 472.356
452.883 474.313
482.18 476.219
511.076 478.093
539.519 479.914
143.897 485.219
175.72 487.011
207.323 488.866
238.588 490.737
269.6 492.62
300.49 494.47
331.173 496.333
361.536 498.133
391.678 499.897
421.574 501.693
451.144 503.489
480.393 505.25
509.329 506.887
537.798 508.569
