88.422 371.844
113.85 373.013
139.558 374.155
165.407 375.244
191.384 376.332
217.611 377.465
244.15 378.613
270.778 379.814
297.73 381.111
324.871 382.372
352.253 383.673
379.773 385.077
407.559 386.495
435.434 387.913
84.9478 398.604
110.5 399.786
136.279 401.045
162.194 402.28
188.273 403.47
214.542 404.668
241.157 405.96
267.85 407.297
294.867 408.577
322.116 409.938
349.488 411.354
377.18 412.754
404.975 414.277
432.9 415.739
81.5544 425.595
107.17 426.885
132.94 428.224
158.946 429.519
185.102 430.82
211.473 432.214
238.127 433.565
264.904 434.939
292.016 436.389
319.31 437.799
346.741 439.31
374.502 440.756
402.431 442.358
430.449 443.87
78.1544 452.69
103.81 454.118
129.67 455.519
155.727 456.908
181.918 458.382
208.422 459.797
235.13 461.321
261.991 462.766
289.175 464.328
316.51 465.798
344.078 467.399
371.876 468.982
399.867 470.571
428.013 472.238
74.6499 479.919
100.488 481.494
126.477 482.992
152.581 484.519
178.818 486.079
205.397 487.61
232.179 489.23
259.135 490.787
286.363 492.426
313.748 494.044
341.43 495.673
369.348 497.382
397.425 499.084
425.59 500.699
71.1989 507.489
97.1411 509.047
123.236 510.689
149.453 512.35
175.768 513.995
202.424 515.661
229.271 517.401
256.323 519.096
283.564 520.788
311.125 522.542
338.792 524.303
366.788 526.066
394.986 527.768
423.279 529.543
67.8308 534.99
93.7729 536.743
120.04 538.48
146.317 540.273
172.72 542.058
199.441 543.821
226.389 545.638
253.488 547.488
280.868 549.343
308.475 551.178
336.31 553.009
364.376 554.81
392.606 556.642
420.951 558.472
64.5774 562.75
90.6173 564.565
116.773 566.479
143.201 568.367
169.688 570.261
196.489 572.166
223.513 574.076
250.72 575.974
278.252 577.931
305.886 579.871
333.77 581.785
361.928 583.718
390.308 585.622
418.717 587.533
61.3433 590.721
87.3899 592.665
113.669 594.609
140.112 596.641
166.702 598.614
193.562 600.628
220.691 602.658
248.006 604.67
275.584 606.714
303.382 608.733
331.36 610.776
359.552 612.776
388.013 614.778
416.527 616.714
57.8906 618.875
84.1881 620.803
110.516 622.894
137.072 624.956
163.688 627.116
190.674 629.193
217.863 631.341
245.331 633.428
272.976 635.556
300.845 637.678
328.898 639.807
357.283 641.896
385.742 643.93
414.407 645.971
