732.244 205.248
760.508 207.245
788.757 209.299
816.927 211.381
844.918 213.488
872.831 215.672
900.654 217.997
928.326 220.314
955.768 222.672
983.128 225.121
1010.25 227.555
1037.26 230.022
1064.1 232.518
1090.67 234.958
730.685 232.942
759.034 234.921
787.384 237.004
815.565 239.112
843.603 241.25
871.574 243.45
899.468 245.663
927.121 247.983
954.641 250.316
981.995 252.652
1009.19 255.077
1036.22 257.502
1063.11 259.901
1089.7 262.348
729.286 260.942
757.579 262.9
785.917 264.942
814.227 267.047
842.296 269.196
870.318 271.349
898.228 273.565
925.891 275.792
953.508 278.155
980.861 280.433
1008.11 282.75
1035.2 285.13
1062.08 287.49
1088.75 289.82
727.687 289.014
756.17 291.014
784.518 293.015
812.764 295.099
840.853 297.194
868.966 299.36
896.886 301.503
924.651 303.724
952.322 305.971
979.733 308.277
1007 310.526
1034.13 312.824
1061.03 315.146
1087.73 317.447
726.048 317.281
754.578 319.237
783.056 321.26
811.374 323.28
839.52 325.365
867.6 327.461
895.593 329.609
923.421 331.76
951.098 333.988
978.57 336.207
1005.82 338.44
1032.99 340.646
1059.89 342.909
1086.64 345.123
724.347 345.667
752.905 347.612
781.478 349.608
809.856 351.632
838.112 353.687
866.257 355.767
894.272 357.884
922.115 360.063
949.771 362.205
977.343 364.369
1004.6 366.518
1031.76 368.693
1058.71 370.827
1085.48 373.022
722.626 374.199
751.298 376.126
779.884 378.117
808.341 380.12
836.571 382.169
864.754 384.217
892.837 386.293
920.69 388.363
948.474 390.473
975.973 392.554
1003.33 394.668
1030.49 396.749
1057.48 398.854
1084.25 400.915
721.028 402.762
749.655 404.692
778.293 406.664
806.723 408.659
835.085 410.655
863.326 412.669
891.422 414.683
919.324 416.725
947.064 418.758
974.574 420.834
1001.92 422.871
1029.13 424.908
1056.11 426.892
1082.85 428.928
719.346 431.623
748.031 433.496
776.645 435.446
805.194 437.396
833.529 439.375
861.746 441.321
889.914 443.306
917.808 445.263
945.6 447.265
973.181 449.23
1000.5 451.225
1027.65 453.165
1054.64 455.126
1081.4 457.007
717.479 460.522
746.318 462.364
774.988 464.231
803.56 466.143
831.929 468.052
860.268 469.934
888.4 471.835
916.36 473.748
944.135 475.659
971.678 477.58
999.016 479.503
1026.23 481.404
1053.17 483.233
1079.86 485.096
