294.711 388.118
316.578 387.611
338.86 387.146
361.531 386.562
384.521 386.06
407.977 385.547
431.827 385.111
456.123 384.629
480.741 384.286
505.791 383.886
531.259 383.558
557.092 383.286
583.251 383.06
609.665 382.752
291.415 411.809
313.398 411.506
335.731 411.228
358.543 410.869
381.639 410.54
405.247 410.283
429.259 409.967
453.577 409.701
478.403 409.494
503.558 409.305
529.106 409.147
555.092 408.959
581.402 408.821
607.965 408.769
288.123 435.864
310.167 435.735
332.619 435.608
355.497 435.501
378.701 435.416
402.429 435.31
426.534 435.232
451.018 435.148
475.928 435.108
501.268 435.065
526.914 435.058
553.049 435.086
579.529 435.16
606.3 435.213
284.707 460.179
306.886 460.269
329.474 460.337
352.446 460.417
375.73 460.481
399.563 460.567
423.768 460.664
448.411 460.783
473.464 460.933
498.883 461.125
524.696 461.308
551.007 461.485
577.599 461.681
604.532 461.916
281.319 484.676
303.602 484.981
326.333 485.294
349.392 485.543
372.785 485.821
396.691 486.186
421.082 486.482
445.765 486.779
470.955 487.168
496.548 487.478
522.527 487.833
548.916 488.253
575.687 488.631
602.732 489.021
277.816 509.544
300.282 510.036
323.111 510.535
346.315 511.075
369.811 511.585
393.834 512.118
418.34 512.631
443.201 513.209
468.494 513.705
494.233 514.311
520.323 514.821
546.851 515.442
573.77 515.998
601.017 516.573
274.464 534.573
296.924 535.325
319.863 536.046
343.196 536.765
366.808 537.529
390.96 538.3
415.552 539.04
440.537 539.775
465.995 540.583
491.798 541.358
518.11 542.147
544.762 542.879
571.87 543.642
599.281 544.419
271.154 559.88
293.662 560.8
316.63 561.771
340.055 562.747
363.773 563.735
388.086 564.699
412.751 565.672
437.866 566.655
463.476 567.666
489.461 568.671
515.835 569.653
542.684 570.642
569.932 571.601
597.498 572.55
267.731 585.532
290.403 586.649
313.442 587.827
336.869 589.057
360.754 590.268
385.16 591.466
409.981 592.658
435.24 593.849
460.924 595.109
487.09 596.326
513.584 597.516
540.58 598.699
567.997 599.869
595.672 601.055
264.294 611.413
287.05 612.689
310.21 614.112
333.73 615.506
357.684 616.93
382.214 618.374
407.169 619.783
432.516 621.271
458.39 622.682
484.645 624.167
511.355 625.585
538.494 626.994
566.044 628.388
593.873 629.74
