555.611 393.506
583.908 395.136
612.356 396.726
640.733 398.374
669.13 399.989
697.511 401.68
725.859 403.45
754.173 405.244
782.349 407.08
810.405 408.887
838.28 410.783
866.047 412.697
893.619 414.655
920.955 416.592
553.645 421.401
582.069 423.006
610.574 424.647
639.134 426.351
667.583 427.99
696.101 429.669
724.559 431.445
752.921 433.237
781.28 434.993
809.414 436.778
837.422 438.624
865.32 440.51
893.014 442.386
920.451 444.285
551.738 449.608
580.243 451.273
608.778 452.873
637.446 454.573
666.005 456.291
694.597 457.957
723.245 459.689
751.664 461.46
780.155 463.255
808.409 464.98
836.518 466.755
864.509 468.573
892.346 470.409
919.881 472.206
549.767 477.944
578.406 479.626
607.094 481.327
635.733 483.003
664.413 484.671
693.149 486.414
721.786 488.138
750.418 489.834
778.922 491.584
807.36 493.352
835.543 495.087
863.678 496.805
891.585 498.557
919.3 500.332
547.699 506.506
576.486 508.243
605.311 509.911
634.098 511.606
662.784 513.344
691.598 515.027
720.409 516.736
749.113 518.457
777.709 520.19
806.254 521.845
834.583 523.57
862.763 525.288
890.776 526.964
918.566 528.606
545.619 535.304
574.497 537.017
603.444 538.723
632.36 540.481
661.219 542.222
690.106 543.898
718.942 545.626
747.73 547.351
776.486 549.02
805.1 550.678
833.508 552.35
861.8 554.001
889.898 555.589
917.765 557.23
543.62 564.162
572.543 565.897
601.589 567.665
630.559 569.454
659.52 571.218
688.507 572.894
717.497 574.611
746.377 576.33
775.203 577.979
803.805 579.6
832.378 581.254
860.733 582.783
888.978 584.369
916.891 585.86
541.697 593.184
570.674 594.971
599.694 596.753
628.776 598.568
657.797 600.332
686.907 602.044
715.955 603.702
744.924 605.401
773.795 607.022
802.562 608.639
831.181 610.236
859.618 611.737
887.887 613.245
915.949 614.667
539.732 622.441
568.755 624.253
597.886 626.081
627.039 627.856
656.18 629.611
685.312 631.344
714.452 633.024
743.464 634.612
772.45 636.267
801.271 637.798
829.877 639.351
858.446 640.801
886.77 642.271
914.874 643.633
537.659 651.737
566.819 653.568
596.086 655.405
625.306 657.216
654.452 658.948
683.655 660.658
712.854 662.344
741.979 663.928
771.004 665.502
799.906 667.031
828.604 668.526
857.251 669.929
885.613 671.304
913.774 672.623
