514.334 247.674
542.412 251.06
570.234 254.43
597.616 257.716
624.603 261.114
651.327 264.469
677.585 267.88
703.434 271.337
728.865 274.746
753.873 278.242
778.444 281.668
802.592 285.153
826.339 288.588
849.536 291.986
512.34 275.615
540.437 278.75
568.328 281.971
595.753 285.191
622.812 288.349
649.567 291.561
675.926 294.754
701.815 298.034
727.397 301.283
752.449 304.511
777.086 307.725
801.289 311.007
825.093 314.245
848.369 317.44
510.409 303.803
538.522 306.762
566.428 309.757
593.952 312.76
621.094 315.771
647.837 318.783
674.31 321.85
700.287 324.873
725.834 327.94
751.001 330.959
775.662 334.019
799.966 337.035
823.777 340.066
847.195 343.045
508.455 332.067
536.664 334.855
564.58 337.658
592.191 340.5
619.328 343.336
646.192 346.189
672.627 348.993
698.671 351.83
724.363 354.662
749.55 357.509
774.316 360.341
798.629 363.175
822.526 365.931
845.93 368.692
506.423 360.428
534.741 363.072
562.742 365.678
590.393 368.362
617.576 370.961
644.481 373.6
671.015 376.282
697.136 378.884
722.799 381.53
748.109 384.17
772.87 386.745
797.313 389.387
821.235 391.963
844.645 394.481
504.409 388.953
532.768 391.421
560.877 393.859
588.591 396.365
615.83 398.772
642.772 401.289
669.391 403.691
695.522 406.176
721.311 408.563
746.58 410.996
771.447 413.401
795.863 415.755
819.819 418.128
843.347 420.459
502.488 417.52
530.888 419.793
559.106 422.126
586.781 424.406
614.152 426.66
641.166 428.92
667.727 431.228
693.905 433.432
719.704 435.643
745.06 437.834
769.922 440.051
794.416 442.224
818.432 444.348
841.927 446.41
500.668 446.217
529.165 448.338
557.297 450.421
585.064 452.529
612.435 454.598
639.465 456.663
666.152 458.697
692.352 460.738
718.189 462.749
743.51 464.752
768.421 466.727
792.88 468.66
816.917 470.547
840.483 472.444
498.866 475.052
527.386 476.911
555.543 478.846
583.368 480.75
610.739 482.643
637.775 484.512
664.514 486.387
690.705 488.194
716.586 489.971
741.951 491.714
766.852 493.502
791.383 495.239
815.426 496.858
838.947 498.512
496.99 503.886
525.572 505.564
553.802 507.297
581.673 508.991
609.141 510.666
636.24 512.346
662.893 513.967
689.199 515.56
715.038 517.173
740.436 518.693
765.36 520.258
789.821 521.701
813.854 523.157
837.432 524.556
