567.622 196.869
596.05 198.408
624.548 200.013
653.088 201.617
681.502 203.341
710.043 205.171
738.505 207.04
766.831 209.03
795.219 211.148
823.401 213.261
851.421 215.487
879.384 217.729
907.18 220.138
934.669 222.476
565.702 224.582
594.209 226.189
622.752 227.733
651.376 229.448
679.866 231.19
708.457 232.979
737.014 234.897
765.466 236.848
793.794 238.889
822.131 241.082
850.211 243.228
878.224 245.476
906.047 247.708
933.63 250.086
563.896 252.594
592.408 254.176
621.003 255.752
649.636 257.464
678.256 259.251
706.846 261.055
735.49 262.95
763.984 264.902
792.477 266.941
820.737 269.025
848.925 271.217
877.019 273.373
904.888 275.592
932.576 277.844
562.004 280.656
590.579 282.308
619.281 283.888
647.904 285.596
676.546 287.389
705.287 289.238
733.916 291.123
762.516 293.082
791.044 295.074
819.447 297.148
847.643 299.241
875.773 301.412
903.728 303.565
931.48 305.759
560.011 308.909
588.683 310.534
617.469 312.24
646.243 313.899
674.866 315.67
703.628 317.528
732.393 319.433
761.021 321.373
789.595 323.369
818.077 325.385
846.382 327.461
874.537 329.561
902.526 331.688
930.334 333.821
557.987 337.385
586.733 339.008
615.589 340.673
644.448 342.455
673.24 344.26
702.013 346.109
730.763 347.959
759.505 349.879
788.161 351.839
816.627 353.836
844.976 355.886
873.237 357.978
901.283 360.064
929.072 362.184
556.066 365.843
584.806 367.544
613.752 369.31
642.616 371.055
671.467 372.847
700.365 374.688
729.203 376.588
757.911 378.506
786.598 380.487
815.17 382.449
843.529 384.455
871.785 386.469
899.894 388.486
927.719 390.508
554.243 394.521
583.012 396.273
611.876 397.98
640.806 399.766
669.676 401.594
698.622 403.459
727.524 405.33
756.343 407.254
785.052 409.164
813.612 411.134
842.052 413.081
870.353 415.053
898.472 416.985
926.362 418.97
552.329 423.413
581.193 425.111
610.12 426.847
639.043 428.663
667.964 430.505
696.895 432.347
725.847 434.223
754.657 436.063
783.462 437.967
812.092 439.861
840.504 441.782
868.797 443.715
896.95 445.636
924.831 447.538
550.327 452.341
579.288 454.021
608.28 455.754
637.274 457.572
666.226 459.417
695.225 461.258
724.2 463.102
753.046 464.912
781.801 466.776
810.484 468.672
838.916 470.555
867.297 472.452
895.419 474.295
923.324 476.149
