638.74 309.323
666.935 311.654
695.003 314.08
722.778 316.44
750.326 318.791
777.623 321.308
804.718 323.766
831.481 326.326
857.964 328.851
884.18 331.443
909.969 334.057
935.542 336.628
960.754 339.292
985.618 341.832
637.061 337.499
665.25 339.733
693.351 342.079
721.188 344.396
748.707 346.675
776.096 349.069
803.26 351.449
830.023 353.835
856.555 356.296
882.747 358.691
908.639 361.198
934.27 363.636
959.544 366.116
984.466 368.558
635.381 365.907
663.545 368.096
691.624 370.299
719.519 372.486
747.134 374.69
774.521 376.961
801.668 379.277
828.527 381.54
855.155 383.838
881.392 386.165
907.322 388.476
932.951 390.758
958.302 393.132
983.274 395.427
633.606 394.373
661.875 396.472
689.992 398.547
717.847 400.639
745.475 402.746
772.906 404.915
800.159 407.117
827.029 409.293
853.627 411.447
879.955 413.603
905.909 415.772
931.617 417.988
956.967 420.168
981.963 422.325
631.759 422.871
660.167 424.887
688.322 426.884
716.242 428.897
743.834 430.926
771.34 432.965
798.549 435.024
825.473 437.086
852.168 439.159
878.491 441.178
904.509 443.237
930.258 445.271
955.59 447.297
980.595 449.277
629.877 451.554
658.332 453.468
686.523 455.395
714.509 457.334
742.22 459.256
769.662 461.194
796.924 463.105
823.886 465.025
850.582 466.937
876.958 468.839
903.013 470.726
928.732 472.652
954.167 474.506
979.187 476.399
628.145 480.213
656.515 482.021
684.779 483.835
712.739 485.679
740.49 487.532
768.011 489.363
795.318 491.201
822.293 492.973
848.976 494.748
875.378 496.54
901.422 498.324
927.193 500.047
952.6 501.748
977.649 503.45
626.419 508.849
654.771 510.609
683.019 512.391
711.051 514.167
738.737 515.832
766.336 517.561
793.614 519.269
820.595 520.908
847.35 522.573
873.704 524.278
899.743 525.843
925.526 527.459
950.971 528.987
976.062 530.542
624.636 537.678
653.045 539.334
681.306 540.989
709.326 542.613
737.085 544.265
764.606 545.803
791.939 547.417
818.904 548.919
845.643 550.46
872.057 551.944
898.117 553.454
923.832 554.858
949.319 556.312
974.356 557.652
622.738 566.469
651.29 567.976
679.538 569.515
707.568 571.064
735.35 572.563
762.902 574.027
790.255 575.474
817.256 576.861
843.946 578.279
870.372 579.618
896.401 580.945
922.171 582.265
947.55 583.479
972.591 584.695
