721.756 422.922
750.476 424.757
779.185 426.632
807.681 428.477
836.059 430.327
864.347 432.218
892.438 434.118
920.336 436.014
948.071 437.939
975.583 439.866
1002.86 441.823
1030.04 443.77
1056.96 445.773
1083.64 447.707
720.086 451.73
748.717 453.543
777.446 455.39
805.965 457.221
834.365 459.01
862.596 460.828
890.73 462.677
918.646 464.56
946.425 466.416
973.936 468.299
1001.31 470.158
1028.45 472.037
1055.45 473.886
1082.19 475.747
718.396 480.715
747.044 482.485
775.668 484.293
804.264 486.039
832.577 487.781
860.853 489.572
889.024 491.406
916.927 493.194
944.712 494.959
972.318 496.731
999.63 498.557
1026.83 500.352
1053.83 502.155
1080.61 503.89
716.604 509.61
745.33 511.4
773.924 513.116
802.462 514.8
830.769 516.546
859.108 518.318
887.255 520.024
915.195 521.746
942.97 523.485
970.578 525.232
997.921 526.908
1025.2 528.631
1052.21 530.361
1078.98 532.04
714.716 538.53
743.477 540.271
772.161 541.941
800.621 543.624
828.979 545.336
857.28 546.982
885.428 548.671
913.385 550.367
941.219 552.025
968.768 553.64
996.222 555.33
1023.44 556.912
1050.46 558.565
1077.28 560.169
712.761 567.469
741.533 569.169
770.257 570.801
798.761 572.502
827.135 574.153
855.403 575.76
883.533 577.408
911.508 579.014
939.332 580.585
966.916 582.21
994.344 583.726
1021.58 585.334
1048.62 586.8
1075.45 588.377
710.887 596.283
739.604 597.922
768.355 599.601
796.805 601.258
825.225 602.851
853.47 604.455
881.607 606.051
909.561 607.568
937.402 609.148
964.96 610.605
992.401 612.141
1019.61 613.559
1046.7 615.026
1073.51 616.425
709.107 625.065
737.734 626.693
766.386 628.367
794.855 629.965
823.25 631.527
851.501 633.079
879.636 634.574
907.585 636.082
935.402 637.538
962.967 638.995
990.371 640.402
1017.61 641.776
1044.65 643.113
1071.52 644.475
707.234 653.845
735.819 655.45
764.459 657.084
792.91 658.64
821.302 660.217
849.508 661.66
877.65 663.155
905.556 664.549
933.376 665.94
960.924 667.314
988.324 668.653
1015.53 669.927
1042.59 671.269
1069.4 672.469
705.198 682.53
733.871 684.115
762.482 685.66
790.951 687.222
819.293 688.709
847.513 690.165
875.61 691.549
903.525 692.895
931.303 694.239
958.862 695.518
986.222 696.755
1013.45 698.005
1040.44 699.172
1067.28 700.399
