618.847 261.331
646.071 261.06
673.725 260.787
701.753 260.591
730.206 260.465
759.043 260.411
788.282 260.439
817.785 260.51
847.729 260.679
877.986 260.92
908.532 261.285
939.426 261.651
970.622 262.156
1002.01 262.569
617.216 288.679
644.415 288.618
672.153 288.616
700.253 288.648
728.66 288.723
757.562 288.893
786.826 289.153
816.457 289.445
846.465 289.759
876.698 290.242
907.325 290.689
938.252 291.292
969.465 291.86
1000.87 292.544
615.504 316.377
642.712 316.498
670.485 316.667
698.605 316.935
727.139 317.286
756.072 317.595
785.399 318.068
815.034 318.535
845.082 319.104
875.414 319.671
906.023 320.396
936.98 321.109
968.266 321.877
999.708 322.684
613.736 344.042
641.106 344.438
668.798 344.812
697.002 345.331
725.495 345.787
754.49 346.403
783.828 347.017
813.542 347.695
843.61 348.474
874.006 349.289
904.637 350.126
935.669 351.048
966.95 351.962
998.481 352.959
611.901 371.842
639.346 372.482
667.157 373.126
695.354 373.759
723.835 374.52
752.83 375.308
782.303 376.172
812.001 377.042
842.141 377.976
872.534 378.943
903.269 380.015
934.318 381.101
965.59 382.251
997.15 383.374
610.025 399.822
637.458 400.642
665.366 401.541
693.587 402.466
722.206 403.416
751.238 404.431
780.619 405.464
810.421 406.557
840.542 407.68
871.012 408.866
901.723 410.12
932.787 411.389
964.174 412.642
995.678 413.991
608.208 427.826
635.593 428.888
663.536 430.015
691.761 431.177
720.427 432.369
749.484 433.554
778.958 434.805
808.72 436.141
838.913 437.487
869.399 438.836
900.163 440.291
931.262 441.687
962.61 443.189
994.204 444.623
606.425 455.915
633.794 457.256
661.654 458.548
689.951 459.94
718.589 461.371
747.677 462.759
777.233 464.272
807.024 465.741
837.245 467.317
867.672 468.862
898.466 470.48
929.566 472.103
960.94 473.681
992.551 475.366
604.554 484.211
631.958 485.65
659.811 487.274
688.128 488.812
716.737 490.456
745.831 492.119
775.406 493.767
805.241 495.467
835.44 497.241
865.9 498.958
896.684 500.745
927.792 502.542
959.222 504.374
990.776 506.169
602.57 512.451
630.054 514.14
657.911 515.871
686.247 517.681
714.845 519.543
743.976 521.409
773.508 523.297
803.376 525.192
833.566 527.119
864.127 529.069
894.853 531.025
925.991 532.981
957.373 534.929
988.953 536.91
