395.139 324.545
423.213 325.812
451.486 327.219
479.886 328.524
508.42 329.887
537.137 331.404
565.905 332.908
594.72 334.523
623.656 336.241
652.577 337.936
681.478 339.742
710.378 341.616
739.206 343.566
767.761 345.508
393.107 352.846
421.172 354.242
449.488 355.599
477.919 357.058
506.497 358.501
535.241 360.021
564.096 361.589
592.941 363.263
621.903 364.877
650.846 366.621
679.754 368.442
708.696 370.309
737.569 372.199
766.281 374.124
391.125 381.418
419.22 382.772
447.505 384.271
476.005 385.698
504.56 387.273
533.357 388.775
562.236 390.441
591.159 392.099
620.164 393.761
649.152 395.516
678.106 397.331
707.088 399.14
735.944 401.006
764.66 402.847
389.15 409.919
417.29 411.434
445.576 412.895
474.093 414.467
502.63 416.026
531.454 417.622
560.366 419.304
589.326 420.962
618.358 422.67
647.389 424.442
676.391 426.231
705.402 428.042
734.343 429.83
763.114 431.692
387.12 438.524
415.336 440.101
443.672 441.637
472.218 443.278
500.758 444.851
529.562 446.53
558.505 448.248
587.485 449.901
616.546 451.645
645.587 453.428
674.633 455.234
703.661 456.999
732.628 458.8
761.459 460.611
385.108 467.268
413.342 468.81
441.722 470.491
470.332 472.2
498.911 473.838
527.731 475.555
556.659 477.317
585.665 479.064
614.714 480.762
643.811 482.561
672.863 484.355
701.949 486.164
730.902 487.895
759.722 489.683
383.234 495.875
411.426 497.581
439.87 499.342
468.43 501.075
497.077 502.797
525.881 504.567
554.839 506.374
583.832 508.143
612.955 509.901
642.035 511.675
671.13 513.479
700.205 515.257
729.22 517.011
758.021 518.723
381.47 524.58
409.619 526.381
438.023 528.194
466.554 530
495.254 531.776
524.083 533.592
553.055 535.409
582.063 537.22
611.183 538.996
640.26 540.779
669.327 542.565
698.386 544.362
727.404 546.06
756.272 547.748
379.673 553.397
407.824 555.223
436.265 557.105
464.728 558.934
493.437 560.793
522.279 562.641
551.258 564.504
580.277 566.333
609.371 568.149
638.454 569.898
667.501 571.679
696.555 573.445
725.562 575.177
754.428 576.802
377.822 582.152
406.111 583.997
434.474 585.882
463.016 587.8
491.615 589.724
520.478 591.615
549.45 593.492
578.466 595.349
607.548 597.166
636.64 598.932
665.675 600.705
694.724 602.451
723.712 604.132
752.553 605.742
