386.712 460.755
414.854 462.432
443.311 464.125
471.792 465.716
500.437 467.388
529.304 469.09
558.245 470.767
587.24 472.524
616.302 474.338
645.359 476.117
674.385 477.885
703.426 479.719
732.392 481.593
761.181 483.44
384.923 489.462
413.075 491.166
441.489 492.838
470.021 494.582
498.632 496.32
527.456 498.047
556.428 499.779
585.408 501.579
614.463 503.371
643.517 505.172
672.543 506.938
701.585 508.755
730.551 510.576
759.381 512.425
383.276 518.284
411.354 519.981
439.686 521.719
468.272 523.512
496.817 525.315
525.633 527.084
554.594 528.865
583.56 530.655
612.619 532.487
641.672 534.294
670.709 536.095
699.741 537.846
728.711 539.66
757.529 541.454
381.534 546.896
409.661 548.728
438 550.558
466.493 552.39
495.078 554.222
523.857 556.047
552.758 557.842
581.73 559.683
610.78 561.512
639.858 563.346
668.87 565.135
697.939 566.913
726.853 568.67
755.684 570.447
379.78 575.553
407.956 577.447
436.334 579.364
464.741 581.226
493.361 583.1
522.122 584.939
551.016 586.807
579.932 588.667
608.995 590.523
638.029 592.362
667.067 594.172
696.094 595.917
725.015 597.668
753.781 599.399
378.104 604.211
406.266 606.152
434.587 608.092
463.109 610.047
491.61 611.966
520.397 613.879
549.274 615.793
578.184 617.68
607.205 619.546
636.213 621.4
665.218 623.195
694.216 624.939
723.15 626.644
751.855 628.366
376.488 632.648
404.592 634.67
432.956 636.696
461.395 638.706
489.911 640.716
518.621 642.683
547.49 644.64
576.382 646.559
605.379 648.465
634.35 650.299
663.329 652.085
692.305 653.785
721.228 655.51
749.92 657.166
375.046 661.08
403.095 663.191
431.333 665.278
459.699 667.377
488.262 669.401
516.904 671.409
545.722 673.387
574.597 675.33
603.54 677.21
632.496 679.053
661.43 680.797
690.372 682.554
719.241 684.225
747.943 685.798
373.545 689.499
401.554 691.615
429.752 693.773
458.137 695.902
486.593 698
515.267 700.033
544.04 702.055
572.818 703.958
601.722 705.854
630.632 707.683
659.516 709.486
688.428 711.205
717.275 712.817
745.895 714.404
371.991 717.762
400.051 719.94
428.244 722.15
456.535 724.328
484.949 726.454
513.568 728.504
542.335 730.519
571.115 732.48
599.943 734.367
628.794 736.211
657.64 737.949
686.49 739.623
715.276 741.228
743.887 742.752
