238.812 379.058
265.383 380.319
292.193 381.554
319.187 382.764
346.323 384.058
373.703 385.377
401.395 386.72
429.199 388.18
457.215 389.616
485.331 391.166
513.551 392.695
541.947 394.349
570.435 396.02
598.823 397.671
235.704 406.282
262.362 407.558
289.27 408.912
316.337 410.307
343.566 411.634
371.096 413.076
398.794 414.507
426.682 415.991
454.781 417.501
483.055 419.093
511.392 420.649
539.849 422.349
568.453 423.991
597.003 425.678
232.676 433.735
259.374 435.184
286.34 436.579
313.489 438.052
340.78 439.505
368.423 440.999
396.276 442.536
424.254 444.096
452.436 445.66
480.722 447.299
509.231 448.918
537.768 450.583
566.469 452.34
595.164 454.057
229.635 461.389
256.452 462.885
283.456 464.443
310.658 465.955
338.082 467.521
365.739 469.131
393.656 470.698
421.725 472.36
450.067 473.996
478.482 475.648
507.023 477.365
535.706 479.094
564.499 480.778
593.297 482.542
226.553 489.2
253.487 490.791
280.6 492.437
307.896 494.09
335.407 495.708
363.181 497.415
391.173 499.138
419.337 500.788
447.678 502.531
476.246 504.27
504.837 506.015
533.639 507.746
562.53 509.526
591.412 511.302
223.497 517.233
250.508 518.923
277.728 520.663
305.198 522.438
332.71 524.207
360.578 525.958
388.636 527.742
416.886 529.537
445.384 531.35
473.975 533.157
502.682 534.917
531.591 536.713
560.565 538.511
589.527 540.33
220.545 545.334
247.6 547.193
274.944 549.017
302.429 550.858
330.109 552.727
358.019 554.623
386.205 556.513
414.508 558.393
443.08 560.297
471.726 562.137
500.56 563.976
529.545 565.798
558.618 567.634
587.639 569.441
217.71 573.601
244.805 575.537
272.188 577.523
299.698 579.505
327.464 581.464
355.483 583.444
383.706 585.393
412.179 587.361
440.763 589.315
469.564 591.264
498.469 593.166
527.517 595.054
556.647 596.843
585.787 598.681
214.887 602.146
242.066 604.168
269.461 606.226
297.078 608.303
324.877 610.369
352.963 612.415
381.344 614.461
409.773 616.463
438.533 618.485
467.398 620.489
496.382 622.466
525.502 624.397
554.706 626.299
583.928 628.115
211.967 630.741
239.297 632.822
266.736 634.96
294.453 637.145
322.344 639.313
350.5 641.433
378.888 643.542
407.497 645.637
436.311 647.713
465.279 649.764
494.31 651.794
523.504 653.768
552.767 655.66
582.095 657.555
