287.288 296.209
313.514 296.876
340.125 297.65
366.898 298.442
393.937 299.249
421.364 300.129
449.015 301.068
476.842 302.062
505.021 303.17
533.353 304.303
561.773 305.522
590.483 306.803
619.307 308.265
648.144 309.643
285.149 323.604
311.387 324.445
338.004 325.336
364.817 326.251
391.918 327.174
419.333 328.165
447.036 329.207
474.895 330.303
503.098 331.446
531.424 332.647
559.906 333.944
588.622 335.348
617.493 336.729
646.37 338.272
283.079 351.26
309.341 352.192
335.88 353.177
362.76 354.2
389.849 355.246
417.322 356.325
445.021 357.48
472.906 358.652
501.149 359.909
529.497 361.252
558.053 362.584
586.769 364.025
615.666 365.514
644.575 367.045
280.989 378.821
307.307 379.925
333.852 381.043
360.711 382.197
387.802 383.349
415.308 384.55
443.016 385.779
470.944 387.139
499.203 388.464
527.572 389.828
556.185 391.314
584.95 392.769
613.835 394.348
642.805 395.882
278.85 406.527
305.268 407.735
331.842 408.977
358.721 410.266
385.835 411.521
413.34 412.842
441.074 414.278
469.025 415.64
497.278 417.133
525.661 418.57
554.323 420.144
583.156 421.655
612.081 423.305
641.055 424.866
276.763 434.358
303.193 435.648
329.836 437.044
356.756 438.461
383.886 439.845
411.395 441.363
439.148 442.81
467.13 444.371
495.373 445.876
523.787 447.475
552.447 449.094
581.322 450.715
610.294 452.392
639.28 454.082
274.813 462.117
301.225 463.582
327.882 465.138
354.772 466.633
381.948 468.242
409.456 469.774
437.248 471.425
465.237 473.053
493.495 474.689
521.934 476.389
550.593 478.098
579.465 479.759
608.464 481.503
637.475 483.232
273.026 489.915
299.351 491.538
325.954 493.228
352.856 494.877
380.055 496.573
407.539 498.322
435.356 500.014
463.359 501.728
491.609 503.505
520.136 505.322
548.738 507.084
577.631 508.826
606.632 510.604
635.675 512.425
271.226 517.843
297.489 519.584
324.133 521.398
351.01 523.221
378.209 525.018
405.65 526.811
433.48 528.659
461.486 530.508
489.78 532.388
518.313 534.259
546.947 536.13
575.789 537.942
604.821 539.791
633.852 541.609
269.317 545.761
295.634 547.598
322.302 549.501
349.204 551.441
376.344 553.405
403.796 555.339
431.612 557.298
459.646 559.234
487.968 561.188
516.489 563.149
545.175 565.096
574.038 567
603.045 568.851
632.106 570.752
