401.906 192.177
429.741 192.938
457.844 193.721
486.047 194.591
514.294 195.548
542.669 196.568
571.233 197.7
599.716 198.919
628.371 200.299
656.956 201.671
685.536 203.233
714.169 204.799
742.632 206.539
771.037 208.302
399.973 219.725
427.84 220.547
455.995 221.458
484.27 222.399
512.553 223.373
541.021 224.446
569.605 225.578
598.247 226.799
626.898 228.176
655.589 229.562
684.262 231.109
712.893 232.663
741.492 234.359
769.933 236.124
398.116 247.575
425.997 248.462
454.173 249.39
482.448 250.352
510.792 251.405
539.374 252.476
568.002 253.662
596.66 254.898
625.448 256.303
654.237 257.669
682.903 259.22
711.629 260.738
740.36 262.439
768.798 264.125
396.189 275.509
424.187 276.454
452.359 277.404
480.654 278.429
509.075 279.484
537.662 280.62
566.403 281.82
595.155 283.181
623.944 284.492
652.773 285.892
681.578 287.413
710.416 288.971
739.173 290.59
767.71 292.305
394.188 303.553
422.294 304.553
450.527 305.56
478.875 306.626
507.371 307.749
535.997 308.935
564.757 310.252
593.57 311.508
622.485 312.867
651.402 314.325
680.288 315.781
709.168 317.385
737.897 318.989
766.556 320.601
392.192 331.797
420.335 332.837
448.643 333.935
477.151 335.115
505.626 336.295
534.365 337.51
563.205 338.775
592.043 340.168
620.989 341.533
649.947 342.969
678.856 344.476
707.807 346.04
736.65 347.587
765.381 349.257
390.301 360.142
418.459 361.256
446.843 362.417
475.367 363.594
503.896 364.833
532.655 366.167
561.559 367.479
590.493 368.835
619.503 370.307
648.506 371.708
677.487 373.27
706.478 374.752
735.42 376.358
764.182 377.897
388.509 388.539
416.67 389.709
445.079 390.96
473.572 392.292
502.243 393.55
531.017 394.87
559.947 396.267
588.924 397.636
617.981 399.121
647.039 400.593
676.1 402.117
705.128 403.613
734.095 405.19
762.859 406.711
386.709 417.221
414.886 418.425
443.331 419.69
471.821 421.04
500.518 422.412
529.381 423.75
558.374 425.218
587.39 426.591
616.489 428.097
645.563 429.567
674.628 431.128
703.689 432.603
732.687 434.178
761.534 435.662
384.834 445.861
413.163 447.173
441.567 448.484
470.195 449.825
498.815 451.285
527.723 452.664
556.732 454.134
585.797 455.575
614.951 457.069
644.118 458.578
673.234 460.121
702.32 461.615
731.34 463.14
760.203 464.629
