404.603 189.863
432.459 190.944
460.525 192.078
488.669 193.209
516.919 194.41
545.372 195.677
573.837 197.155
602.404 198.612
630.971 200.272
659.562 201.921
688.163 203.698
716.679 205.617
745.239 207.61
773.559 209.617
402.401 217.486
430.303 218.55
458.413 219.71
486.635 220.929
514.94 222.219
543.421 223.542
572.001 224.97
600.585 226.509
629.297 228.123
657.909 229.775
686.539 231.603
715.243 233.479
743.739 235.429
772.242 237.457
400.262 245.346
428.167 246.451
456.315 247.617
484.568 248.85
512.928 250.231
541.468 251.57
570.139 253.084
598.748 254.574
627.528 256.247
656.297 257.892
684.982 259.668
713.659 261.54
742.376 263.481
770.783 265.453
398.05 273.226
426.059 274.435
454.243 275.64
482.526 276.952
510.892 278.312
539.521 279.707
568.255 281.248
596.939 282.757
625.746 284.427
654.578 286.153
683.391 287.885
712.211 289.729
740.837 291.626
769.452 293.592
395.747 301.276
423.843 302.518
452.146 303.789
480.495 305.18
508.923 306.559
537.552 308.037
566.355 309.562
595.156 311.175
624.03 312.782
652.869 314.508
681.728 316.312
710.602 318.155
739.399 320.043
768.019 321.917
393.513 329.493
421.642 330.775
449.996 332.191
478.449 333.576
506.929 335.074
535.632 336.566
564.457 338.163
593.341 339.74
622.287 341.453
651.229 343.195
680.149 344.93
709.047 346.747
737.83 348.608
766.548 350.537
391.363 357.739
419.503 359.179
447.887 360.58
476.395 362.098
504.931 363.611
533.675 365.211
562.696 367.305
591.489 370.037
620.535 372.377
649.43 373.38
678.519 375.214
707.329 376.423
736.38 377.485
765.061 379.251
389.355 384.74
417.458 385.736
445.862 387.534
474.383 388.699
503.161 391.609
531.732 393.895
560.653 395.552
589.631 397.28
618.664 398.976
647.702 400.737
676.708 402.538
705.725 404.38
734.673 406.193
763.488 408.035
387.286 414.793
415.431 416.337
443.789 417.869
472.364 419.501
500.995 421.167
529.796 422.772
558.785 424.494
587.772 426.209
616.9 427.935
645.976 429.702
675.027 431.53
704.099 433.347
733.062 435.173
761.826 436.942
385.119 443.494
413.384 445.011
441.771 446.616
470.394 448.322
499.06 449.975
527.899 451.659
556.907 453.417
585.975 455.176
615.132 456.898
644.257 458.695
673.329 460.522
702.404 462.337
731.391 464.118
760.257 465.893
