720.355 402.737
748.498 404.562
776.657 406.412
804.666 408.221
832.514 409.99
860.322 411.853
887.891 413.723
915.343 415.627
942.573 417.588
969.624 419.528
996.472 421.502
1023.2 423.468
1049.65 425.472
1075.9 427.413
719.013 430.626
747.274 432.428
775.51 434.246
803.621 436.031
831.575 437.794
859.431 439.641
887.186 441.5
914.657 443.369
942.055 445.23
969.216 447.094
996.179 448.963
1022.93 450.849
1049.55 452.728
1075.89 454.64
717.706 458.853
746.031 460.604
774.352 462.387
802.556 464.167
830.584 465.882
858.545 467.668
886.383 469.513
913.962 471.319
941.469 473.134
968.696 474.876
995.757 476.707
1022.66 478.511
1049.4 480.352
1075.85 482.153
716.349 487.23
744.763 488.955
773.184 490.679
801.445 492.431
829.543 494.168
857.587 495.886
885.519 497.627
913.254 499.412
940.787 501.151
968.225 502.849
995.351 504.59
1022.37 506.372
1049.18 508.075
1075.72 509.781
714.79 515.725
743.425 517.477
771.909 519.222
800.315 520.872
828.475 522.586
856.6 524.291
884.604 525.975
912.443 527.646
940.142 529.377
967.584 531.004
994.85 532.678
1021.95 534.365
1048.82 536.009
1075.5 537.608
713.242 544.524
741.914 546.254
770.556 547.879
799.073 549.577
827.375 551.279
855.579 552.927
883.658 554.566
911.58 556.222
939.365 557.803
966.917 559.452
994.296 561.023
1021.46 562.605
1048.44 564.171
1075.23 565.709
711.671 573.373
740.46 575.072
769.229 576.717
797.736 578.41
826.181 580.058
854.48 581.645
882.654 583.295
910.651 584.823
938.514 586.439
966.153 587.941
993.571 589.482
1020.83 590.967
1047.95 592.469
1074.76 593.878
710.232 602.379
739.028 604.057
767.749 605.704
796.452 607.373
824.908 608.957
853.349 610.535
881.591 612.084
909.665 613.589
937.584 615.115
965.335 616.587
992.783 618.026
1020.2 619.474
1047.34 620.807
1074.3 622.26
708.627 631.602
737.531 633.266
766.385 634.863
795.107 636.484
823.656 638.067
852.161 639.57
880.508 641.089
908.624 642.518
936.63 643.957
964.428 645.366
992.005 646.737
1019.42 648.1
1046.65 649.455
1073.62 650.698
706.915 660.904
735.976 662.504
764.905 664.108
793.72 665.65
822.385 667.21
850.939 668.644
879.374 670.112
907.572 671.493
935.632 672.845
963.511 674.223
991.135 675.519
1018.63 676.789
1045.89 677.977
1072.98 679.286
