401.649 234.785
429.572 235.943
457.722 237.179
485.994 238.347
514.35 239.581
542.82 240.936
571.469 242.423
600.134 243.93
628.799 245.581
657.526 247.331
686.245 249.14
714.859 251.037
743.525 253.02
771.94 255.002
399.485 262.669
427.446 263.812
455.62 265.112
483.947 266.367
512.364 267.657
540.884 269.114
569.587 270.557
598.319 272.173
627.119 273.74
655.829 275.479
684.585 277.303
713.379 279.193
742.031 281.109
770.544 283.124
397.379 290.738
425.354 291.984
453.543 293.293
481.897 294.576
510.369 295.936
538.968 297.406
567.683 298.917
596.477 300.511
625.347 302.201
654.197 303.857
682.963 305.641
711.75 307.508
740.534 309.454
769.159 311.399
395.257 318.874
423.291 320.246
451.502 321.529
479.864 322.874
508.381 324.344
537.048 325.788
565.788 327.374
594.623 328.977
623.53 330.629
652.461 332.38
681.345 334.172
710.241 336.013
739.024 337.862
767.651 339.792
393.009 347.216
421.184 348.538
449.46 349.915
477.85 351.365
506.409 352.805
535.123 354.384
563.908 355.94
592.772 357.573
621.743 359.311
650.701 361.004
679.652 362.768
708.586 364.614
737.455 366.51
766.191 368.408
390.777 375.61
418.992 377.057
447.402 378.502
475.858 379.994
504.448 381.545
533.208 383.162
562.07 384.731
590.976 386.432
619.967 388.158
648.979 389.853
677.969 391.638
706.959 393.502
735.829 395.347
764.593 397.24
388.696 404.098
416.89 405.568
445.369 407.148
473.824 408.667
502.468 410.329
531.299 411.917
560.206 413.597
589.167 415.34
618.221 417.075
647.266 418.794
676.275 420.582
705.301 422.424
734.267 424.273
763.034 426.069
386.738 432.623
414.915 434.239
443.35 435.816
471.846 437.483
500.51 439.162
529.369 440.791
558.334 442.527
587.334 444.288
616.412 446.024
645.468 447.778
674.513 449.588
703.57 451.415
732.549 453.207
761.4 455.015
384.767 461.389
412.969 462.999
441.389 464.656
469.888 466.388
498.588 468.123
527.453 469.805
556.458 471.568
585.465 473.336
614.576 475.123
643.67 476.862
672.734 478.671
701.812 480.482
730.832 482.3
759.664 484.053
382.7 490.173
411.013 491.782
439.438 493.502
468.015 495.292
496.663 497.048
525.571 498.771
554.572 500.572
583.63 502.381
612.75 504.181
641.901 505.957
670.994 507.742
700.124 509.546
729.138 511.314
757.975 513.057
