516.608 300.004
545.392 301.787
574.233 303.668
602.958 305.564
631.593 307.493
660.29 309.512
688.794 311.574
717.228 313.702
745.473 315.918
773.532 318.187
801.386 320.47
829.074 322.776
856.482 325.219
883.601 327.561
514.654 328.476
543.46 330.289
572.369 332.15
601.165 334.027
629.817 335.934
658.51 337.907
687.17 339.95
715.561 342.059
743.866 344.184
772.004 346.355
799.876 348.539
827.611 350.782
855.161 353.095
882.314 355.382
512.781 357.229
541.584 358.947
570.472 360.773
599.353 362.637
628.072 364.548
656.748 366.489
685.446 368.508
713.89 370.529
742.316 372.594
770.464 374.672
798.42 376.803
826.215 378.969
853.7 381.182
880.941 383.358
510.877 385.896
539.745 387.697
568.631 389.512
597.506 391.382
626.286 393.249
655.048 395.165
683.689 397.106
712.268 399.084
740.65 401.067
768.867 403.108
796.857 405.161
824.701 407.248
852.316 409.309
879.554 411.408
508.894 414.727
537.831 416.525
566.791 418.352
595.677 420.167
624.492 421.999
653.314 423.847
682.001 425.742
710.556 427.669
739.021 429.617
767.322 431.57
795.361 433.549
823.221 435.545
850.77 437.528
878.114 439.499
506.9 443.701
535.893 445.477
564.92 447.292
593.868 449.102
622.67 450.888
651.539 452.731
680.284 454.603
708.842 456.485
737.364 458.369
765.627 460.275
793.688 462.149
821.6 464.053
849.26 465.899
876.553 467.772
505.04 472.624
534.034 474.419
563.112 476.24
592.049 477.999
620.886 479.786
649.708 481.619
678.511 483.463
707.148 485.293
735.62 487.126
763.91 488.881
792.041 490.708
819.913 492.507
847.599 494.318
874.939 496.074
503.294 501.618
532.251 503.42
561.266 505.214
590.239 506.992
619.112 508.742
647.941 510.537
676.711 512.322
705.388 514.078
733.864 515.799
762.229 517.572
790.326 519.323
818.251 521.023
845.877 522.655
873.304 524.367
501.463 530.733
530.444 532.481
559.448 534.279
588.411 536.036
617.323 537.755
646.197 539.507
674.967 541.255
703.594 542.886
732.17 544.605
760.46 546.285
788.553 547.911
816.467 549.531
844.177 551.135
871.504 552.658
499.55 559.809
528.6 561.535
557.626 563.276
586.619 564.984
615.517 566.698
644.413 568.391
673.231 570.065
701.815 571.673
730.385 573.32
758.674 574.88
786.755 576.473
814.671 577.976
842.361 579.46
869.685 580.885
