551.785 376.599
578.652 379.874
605.346 383.174
631.67 386.392
657.684 389.582
683.484 392.757
708.906 396.068
734.025 399.286
758.762 402.503
783.218 405.696
807.213 408.919
830.844 412.148
854.2 415.346
877.049 418.471
549.668 402.645
576.672 405.781
603.541 408.982
630.115 412.141
656.316 415.243
682.258 418.361
707.822 421.426
733.147 424.518
758.077 427.573
782.6 430.641
806.765 433.668
830.602 436.715
854.12 439.712
877.137 442.696
547.597 429.204
574.748 432.221
601.748 435.261
628.478 438.273
654.82 441.263
680.931 444.212
706.744 447.203
732.238 450.142
757.347 453.06
782.064 455.926
806.408 458.818
830.421 461.684
854.021 464.54
877.227 467.356
545.478 455.914
572.851 458.862
600.014 461.76
626.867 464.65
653.397 467.511
679.663 470.39
705.643 473.211
731.29 475.999
756.555 478.744
781.482 481.525
805.959 484.266
830.167 486.936
853.871 489.584
877.249 492.254
543.268 483.07
570.851 485.859
598.246 488.656
625.295 491.44
651.944 494.188
678.419 496.845
704.548 499.551
730.353 502.226
755.753 504.784
780.826 507.407
805.529 509.956
829.809 512.497
853.711 514.989
877.224 517.418
540.968 510.574
568.771 513.299
596.404 515.933
623.611 518.574
650.5 521.202
677.147 523.738
703.429 526.313
729.385 528.772
754.96 531.255
780.226 533.658
805.032 536.052
829.471 538.43
853.522 540.691
877.146 542.97
538.761 538.37
566.734 540.92
594.553 543.489
621.942 545.974
649.02 548.47
675.766 550.861
702.299 553.318
728.404 555.614
754.169 557.924
779.497 560.209
804.458 562.426
829.045 564.569
853.27 566.687
876.953 568.726
536.651 566.48
564.797 568.903
592.673 571.355
620.306 573.703
647.517 576.038
674.482 578.34
701.152 580.536
727.383 582.706
753.3 584.841
778.74 586.957
803.833 588.999
828.564 591.002
852.86 592.882
876.732 594.786
534.521 595.005
562.814 597.294
590.888 599.557
618.629 601.758
646.071 603.948
673.2 606.091
699.965 608.162
726.376 610.161
752.41 612.133
778.033 614.009
803.256 615.855
828.087 617.67
852.504 619.449
876.469 621.156
532.279 623.765
560.812 625.883
589.114 627.998
617.036 630.088
644.575 632.091
671.852 634.02
698.778 635.892
725.356 637.734
751.515 639.531
777.304 641.293
802.585 642.948
827.545 644.566
852.079 646.12
876.174 647.624
