94.9164 180.42
120.867 181.166
147.09 181.739
173.373 182.382
199.729 182.97
226.425 183.611
253.294 184.344
280.315 185.08
307.556 185.822
334.977 186.69
362.559 187.589
390.406 188.56
418.369 189.653
446.419 190.731
92.5627 207.548
118.555 208.24
144.68 208.953
171.013 209.633
197.437 210.357
224.072 211.076
250.925 211.778
277.955 212.591
305.264 213.427
332.659 214.323
360.278 215.298
388.135 216.295
416.138 217.357
444.201 218.506
90.2972 234.735
116.212 235.546
142.354 236.327
168.606 237.075
195.07 237.805
221.671 238.595
248.556 239.45
275.591 240.313
302.873 241.214
330.35 242.14
357.97 243.129
385.8 244.18
413.861 245.31
442.005 246.445
87.9149 262.004
113.881 262.812
140.009 263.684
166.305 264.528
192.635 265.395
219.353 266.262
246.241 267.153
273.273 268.061
300.541 269.004
328.051 269.977
355.668 271.055
383.593 272.198
411.644 273.327
439.817 274.52
85.52 289.311
111.528 290.286
137.665 291.185
163.928 292.104
190.366 293.014
217.002 293.952
243.862 294.918
270.907 295.918
298.275 296.946
325.716 298.036
353.446 299.181
381.399 300.337
409.489 301.537
437.666 302.747
83.1449 316.757
109.184 317.719
135.352 318.755
161.615 319.769
188.059 320.81
214.686 321.846
241.582 322.93
268.651 324.028
295.998 325.164
323.523 326.32
351.278 327.483
379.241 328.697
407.388 329.984
435.583 331.322
80.8286 344.186
106.797 345.337
133.045 346.425
159.328 347.538
185.711 348.657
212.433 349.804
239.354 350.986
266.429 352.197
293.755 353.411
321.352 354.613
349.111 355.892
377.118 357.232
405.323 358.541
433.56 359.883
78.6512 371.72
104.609 372.877
130.699 374.173
157.019 375.386
183.463 376.606
210.186 377.824
237.121 379.123
264.254 380.41
291.598 381.679
319.229 383.069
346.972 384.428
375.034 385.779
403.291 387.222
431.58 388.611
76.5133 399.39
102.412 400.66
128.516 401.965
154.747 403.336
181.26 404.627
207.919 405.991
234.886 407.372
262.074 408.701
289.479 410.167
317.126 411.564
344.896 413.03
372.995 414.51
401.29 416.009
429.613 417.494
74.2575 427.16
100.227 428.437
126.336 429.824
152.565 431.252
179.015 432.686
205.726 434.138
232.708 435.589
259.904 437.071
287.403 438.569
315.068 440.139
342.877 441.664
371.027 443.26
399.356 444.766
427.733 446.395
