402.394 371.293
429.224 372.588
456.293 373.895
483.418 375.284
510.622 376.616
538.042 378.065
565.539 379.55
593.077 381.102
620.638 382.66
648.282 384.347
675.768 385.991
703.401 387.719
730.835 389.519
758.28 391.32
399.281 397.284
426.281 398.61
453.47 400.057
480.787 401.469
508.261 402.859
535.782 404.405
563.513 405.889
591.241 407.481
619.033 409.09
646.77 410.686
674.532 412.426
702.367 414.135
730.035 415.841
757.567 417.64
396.201 423.689
423.318 425.176
450.656 426.594
478.214 428.103
505.77 429.575
533.545 431.121
561.446 432.665
589.376 434.295
617.359 435.871
645.348 437.545
673.308 439.247
701.275 440.923
729.187 442.641
756.845 444.394
393.024 450.432
420.393 451.951
447.874 453.471
475.564 455.033
503.337 456.569
531.293 458.191
559.361 459.733
587.45 461.406
615.612 463.036
643.805 464.655
671.951 466.39
700.171 468.1
728.251 469.753
756.201 471.499
389.763 477.502
417.378 479.122
445.122 480.686
472.923 482.317
500.862 483.901
529 485.554
557.274 487.24
585.537 488.833
613.9 490.535
642.311 492.216
670.634 493.877
698.982 495.589
727.297 497.335
755.423 498.967
386.531 504.975
414.307 506.627
442.255 508.334
470.316 510.022
498.418 511.694
526.695 513.409
555.16 515.112
583.611 516.767
612.209 518.488
640.715 520.211
669.298 521.861
697.797 523.573
726.311 525.285
754.594 526.91
383.388 532.672
411.28 534.46
439.411 536.256
467.58 537.983
495.876 539.74
524.403 541.515
553.012 543.297
581.644 544.997
610.419 546.726
639.169 548.462
667.836 550.193
696.563 551.84
725.282 553.533
753.723 555.176
380.312 560.747
408.329 562.597
436.518 564.465
464.878 566.333
493.399 568.154
522.059 569.932
550.83 571.713
579.676 573.529
608.597 575.302
637.525 577.065
666.431 578.75
695.34 580.469
724.177 582.129
752.817 583.719
377.189 589.27
405.352 591.158
433.671 593.082
462.248 594.969
490.872 596.846
519.688 598.713
548.668 600.573
577.663 602.389
606.786 604.219
635.874 605.933
664.956 607.69
694.027 609.398
723.032 611.061
751.834 612.63
373.9 617.992
402.338 619.915
430.849 621.89
459.56 623.86
488.392 625.816
517.397 627.725
546.518 629.621
575.683 631.504
604.957 633.342
634.275 635.143
663.466 636.847
692.679 638.561
721.839 640.213
750.853 641.762
