394.24 387.334
421.822 388.692
449.725 390.162
477.735 391.541
505.806 392.965
534.146 394.496
562.508 396.081
590.893 397.635
619.43 399.343
647.886 401.011
676.376 402.739
704.789 404.535
733.239 406.411
761.435 408.246
391.611 414.933
419.378 416.407
447.384 417.86
475.472 419.4
503.664 420.879
532.058 422.459
560.548 424.075
589.106 425.667
617.671 427.364
646.317 429.064
674.83 430.765
703.451 432.554
731.927 434.362
760.312 436.187
389.142 442.897
416.902 444.421
444.973 445.933
473.228 447.511
501.49 449.109
529.961 450.664
558.572 452.363
587.243 453.993
615.948 455.667
644.638 457.396
673.357 459.151
702.065 460.842
730.645 462.624
759.169 464.421
386.565 470.983
414.515 472.586
442.626 474.212
470.923 475.766
499.328 477.439
527.868 479.12
556.575 480.744
585.357 482.476
614.21 484.186
643.01 485.853
671.764 487.591
700.603 489.387
729.351 491.126
757.902 492.838
383.96 499.289
412.078 500.928
440.334 502.599
468.663 504.299
497.188 505.976
525.792 507.666
554.615 509.424
583.473 511.147
612.416 512.825
641.351 514.569
670.264 516.349
699.193 518.083
727.969 519.777
756.64 521.503
381.39 527.761
409.549 529.516
437.928 531.296
466.457 533.045
495.025 534.77
523.747 536.559
552.624 538.336
581.596 540.096
610.597 541.812
639.63 543.564
668.635 545.325
697.641 547.06
726.573 548.726
755.366 550.459
378.876 556.386
407.162 558.221
435.608 560.049
464.207 561.866
492.815 563.685
521.673 565.519
550.663 567.362
579.68 569.148
608.805 570.916
637.9 572.659
667.023 574.443
696.14 576.163
725.172 577.803
753.999 579.482
376.521 585.152
404.788 587.032
433.301 588.96
461.916 590.873
490.663 592.741
519.617 594.62
548.671 596.472
577.789 598.333
607.001 600.139
636.224 601.893
665.384 603.639
694.534 605.376
723.622 607.017
752.609 608.637
374.166 614.151
402.478 616.098
431.05 618.094
459.696 620.062
488.569 621.998
517.562 623.896
546.708 625.792
575.882 627.632
605.217 629.482
634.461 631.284
663.693 633.036
692.94 634.697
722.144 636.375
751.16 637.946
371.643 643.223
400.159 645.231
428.749 647.26
457.559 649.287
486.444 651.294
515.532 653.245
544.726 655.177
574.024 657.034
603.383 658.859
632.705 660.665
662.023 662.436
691.352 664.131
720.568 665.707
749.65 667.308
