77.704 390.899
103.567 392.195
129.638 393.42
155.861 394.607
182.296 395.77
208.931 397.081
235.843 398.369
262.979 399.64
290.385 401.023
317.967 402.402
345.76 403.79
373.817 405.303
402.123 406.777
430.455 408.348
75.8463 418.599
101.705 419.865
127.796 421.269
154.069 422.556
180.461 423.878
207.124 425.278
234.059 426.627
261.152 428.061
288.514 429.486
316.115 430.922
343.857 432.458
371.916 433.993
400.204 435.543
428.502 437.18
74.1209 446.381
99.924 447.752
126.009 449.21
152.295 450.604
178.63 452.046
205.327 453.518
232.232 455.01
259.321 456.521
286.649 458.074
314.26 459.595
342.012 461.231
370.071 462.777
398.298 464.466
426.6 466.109
72.3443 474.12
98.2476 475.566
124.298 477.127
150.492 478.615
176.838 480.195
203.524 481.725
230.426 483.358
257.496 484.938
284.825 486.577
312.437 488.271
340.215 489.889
368.248 491.598
396.457 493.332
424.76 495.056
70.5394 501.753
96.4744 503.426
122.559 505.026
148.766 506.64
175.198 508.318
201.803 509.98
228.686 511.662
255.744 513.42
283.137 515.169
310.646 516.853
338.451 518.636
366.469 520.437
394.665 522.248
423.009 523.976
68.7293 529.58
94.7143 531.246
120.845 532.982
147.174 534.715
173.518 536.509
200.203 538.307
227.051 540.12
254.146 541.909
281.451 543.746
309.013 545.602
336.724 547.457
364.769 549.339
392.985 551.187
421.31 553.036
67.1833 557.23
93.0873 559.065
119.289 560.87
145.498 562.74
171.883 564.621
198.541 566.539
225.447 568.457
252.511 570.388
279.844 572.333
307.4 574.273
335.175 576.209
363.184 578.14
391.402 580.041
419.636 581.912
65.6042 584.924
91.554 586.789
117.609 588.781
143.895 590.744
170.331 592.726
196.969 594.713
223.858 596.705
250.971 598.739
278.335 600.751
305.843 602.797
333.599 604.805
361.598 606.826
389.787 608.789
418.137 610.777
64.1549 612.646
90.0192 614.659
116.142 616.668
142.345 618.762
168.754 620.835
195.44 622.936
222.381 625.048
249.453 627.154
276.787 629.256
304.385 631.364
332.14 633.454
360.142 635.518
388.317 637.572
416.57 639.572
62.5044 640.413
88.4923 642.426
114.576 644.559
140.829 646.66
167.257 648.862
193.933 651.035
220.837 653.246
247.979 655.397
275.361 657.574
302.923 659.738
330.646 661.906
358.661 664.062
386.829 666.155
415.163 668.23
