469.952 262.809
494.619 262.294
519.8 261.679
545.44 261.193
571.433 260.615
597.953 260.252
624.97 259.836
652.391 259.545
680.275 259.375
708.487 259.216
737.129 259.176
766.197 259.188
795.546 259.289
825.221 259.417
468.116 289.047
492.758 288.64
518.015 288.368
543.641 288.057
569.704 287.757
596.314 287.563
623.352 287.451
650.75 287.385
678.653 287.36
706.954 287.419
735.604 287.515
764.684 287.701
794.189 287.99
823.806 288.348
466.265 315.474
490.925 315.33
516.194 315.225
541.845 315.147
567.954 315.125
594.551 315.15
621.62 315.253
649.13 315.376
677.077 315.534
705.4 315.765
734.108 316.153
763.258 316.509
792.68 316.965
822.448 317.481
464.381 341.865
489.161 342.018
514.385 342.147
540.076 342.317
566.193 342.484
592.781 342.718
619.88 343.057
647.418 343.43
675.404 343.799
703.731 344.325
732.506 344.79
761.663 345.431
791.231 346.073
821 346.734
462.413 368.46
487.276 368.765
512.523 369.18
538.275 369.544
564.393 369.99
591.03 370.484
618.181 371.027
645.659 371.602
673.68 372.267
702.13 372.887
730.878 373.635
760.147 374.46
789.645 375.337
819.483 376.196
460.452 395.175
485.317 395.686
510.618 396.346
536.422 396.979
562.55 397.664
589.264 398.426
616.397 399.211
643.937 399.994
671.976 400.828
700.434 401.738
729.271 402.694
758.497 403.706
788.102 404.733
817.913 405.817
458.552 421.806
483.414 422.656
508.745 423.529
534.509 424.441
560.689 425.405
587.421 426.371
614.574 427.404
642.207 428.443
670.266 429.532
698.666 430.638
727.533 431.806
756.776 433.031
786.454 434.298
816.341 435.527
456.744 448.61
481.563 449.668
506.831 450.791
532.62 451.976
558.807 453.179
585.552 454.399
612.738 455.604
640.386 456.906
668.463 458.255
696.92 459.595
725.759 460.997
755.101 462.432
784.712 463.811
814.645 465.318
454.909 475.538
479.677 476.816
505.003 478.24
530.719 479.6
556.961 481.04
583.657 482.491
610.892 483.979
638.513 485.489
666.627 487.061
695.155 488.612
724.015 490.267
753.345 491.853
782.972 493.521
812.877 495.181
452.973 502.489
477.798 503.978
503.144 505.552
528.851 507.234
555.078 508.855
581.775 510.566
609.025 512.312
636.646 514.038
664.753 515.793
693.326 517.623
722.215 519.462
751.503 521.32
781.193 523.147
811.129 524.985
