554.838 413.018
583.657 414.649
612.626 416.39
641.577 418.061
670.469 419.703
699.427 421.491
728.331 423.307
757.117 425.106
785.791 426.939
814.399 428.793
842.754 430.704
871.068 432.649
899.164 434.618
926.962 436.549
553.083 441.827
581.864 443.517
610.819 445.248
639.779 446.917
668.685 448.628
697.635 450.421
726.571 452.206
755.401 453.967
784.157 455.774
812.696 457.602
841.172 459.481
869.438 461.369
897.553 463.231
925.416 465.123
551.355 470.833
580.162 472.525
609.08 474.266
638.035 475.937
666.924 477.651
695.851 479.422
724.791 481.214
753.617 482.954
782.414 484.716
811.017 486.524
839.466 488.344
867.754 490.145
895.917 491.929
923.779 493.723
549.55 499.761
578.419 501.512
607.331 503.233
636.264 504.917
665.154 506.646
694.111 508.405
723.032 510.173
751.832 511.886
780.617 513.634
809.288 515.412
837.704 517.168
866.102 518.875
894.245 520.624
922.163 522.381
547.685 528.698
576.583 530.453
605.528 532.226
634.46 533.902
663.366 535.639
692.302 537.389
721.237 539.147
750.06 540.835
778.824 542.564
807.48 544.291
835.959 545.984
864.336 547.659
892.473 549.384
920.395 550.999
545.797 557.672
574.709 559.451
603.674 561.217
632.638 562.936
661.53 564.667
690.475 566.436
719.4 568.176
748.25 569.842
776.989 571.544
805.631 573.251
834.132 574.867
862.474 576.526
890.611 578.144
918.549 579.695
544.085 586.529
572.882 588.328
601.872 590.124
630.764 591.859
659.679 593.628
688.614 595.383
717.538 597.115
746.369 598.769
775.148 600.467
803.698 602.087
832.229 603.676
860.539 605.273
888.7 606.767
916.629 608.315
542.401 615.354
571.209 617.182
600.074 618.978
628.976 620.763
657.814 622.529
686.742 624.28
715.649 625.946
744.468 627.613
773.229 629.266
801.78 630.829
830.269 632.409
858.562 633.914
886.704 635.378
914.646 636.787
540.669 644.199
569.446 646.006
598.324 647.833
627.188 649.641
656.033 651.422
684.863 653.139
713.772 654.784
742.534 656.424
771.298 658.008
799.821 659.546
828.274 661.071
856.553 662.515
884.673 663.917
912.575 665.297
538.852 672.891
567.656 674.701
596.51 676.563
625.384 678.388
654.199 680.153
683.054 681.818
711.851 683.489
740.623 685.088
769.328 686.613
797.855 688.133
826.271 689.581
854.528 690.953
882.6 692.31
910.48 693.598
