190.899 298.78
214.755 299.138
239.017 299.444
263.519 299.695
288.326 300.022
313.516 300.403
339.109 300.758
364.951 301.275
391.256 301.741
417.775 302.351
444.667 302.94
471.907 303.639
499.462 304.453
527.207 305.279
188.864 325.117
212.727 325.524
236.993 326.011
261.513 326.474
286.36 326.938
311.523 327.475
337.143 328.043
362.988 328.623
389.29 329.318
415.806 329.978
442.693 330.717
469.953 331.558
497.514 332.443
525.269 333.389
186.909 351.529
210.731 352.141
234.955 352.709
259.51 353.369
284.337 354.017
309.529 354.674
335.137 355.425
360.982 356.199
387.28 356.98
413.805 357.786
440.72 358.683
468.019 359.635
495.558 360.632
523.35 361.675
184.903 377.935
208.789 378.693
233.019 379.49
257.529 380.304
282.35 381.116
307.544 381.932
333.14 382.79
359.007 383.713
385.307 384.675
411.861 385.662
438.758 386.696
466.097 387.776
493.628 388.904
521.443 390.139
182.896 404.433
206.818 405.372
231.094 406.324
255.576 407.282
280.401 408.265
305.582 409.276
331.197 410.338
357.078 411.397
383.357 412.494
409.924 413.627
436.852 414.804
464.205 416.088
491.729 417.364
519.543 418.607
180.902 430.999
204.837 432.088
229.154 433.234
253.664 434.362
278.495 435.502
303.68 436.676
329.3 437.916
355.204 439.208
381.445 440.462
408.077 441.742
434.998 443.118
462.33 444.503
489.895 445.854
517.687 447.339
179.071 457.518
202.958 458.775
227.265 460.115
251.754 461.421
276.573 462.751
301.783 464.17
327.412 465.547
353.329 466.963
379.587 468.437
406.239 469.87
433.186 471.41
460.482 472.901
488.142 474.455
515.908 475.991
177.311 484.117
201.201 485.531
225.38 487.042
249.887 488.539
274.7 490.079
299.941 491.594
325.547 493.186
351.474 494.755
377.747 496.385
404.429 498.045
431.393 499.669
458.675 501.373
486.349 503.021
514.208 504.688
175.553 510.746
199.398 512.381
223.559 514.026
248.087 515.696
272.896 517.426
298.142 519.154
323.727 520.849
349.642 522.599
375.994 524.412
402.625 526.212
429.6 528.028
456.922 529.802
484.585 531.629
512.456 533.466
173.7 537.457
197.599 539.199
221.758 540.969
246.317 542.801
271.12 544.688
296.355 546.579
321.92 548.491
347.868 550.407
374.251 552.361
400.882 554.332
427.85 556.3
455.24 558.263
482.838 560.179
510.721 562.137
