398.263 279.48
426.272 280.664
454.489 281.928
482.788 283.233
511.274 284.512
539.844 285.903
568.581 287.433
597.372 288.97
626.208 290.623
654.99 292.376
683.747 294.194
712.561 296.056
741.328 298.03
769.81 299.976
396.172 307.584
424.171 308.8
452.441 310.173
480.802 311.479
509.34 312.842
537.944 314.346
566.717 315.824
595.541 317.448
624.441 319.124
653.318 320.786
682.165 322.603
710.978 324.472
739.724 326.397
768.391 328.369
394.113 335.907
422.142 337.246
450.405 338.568
478.813 339.95
507.364 341.42
536.067 342.874
564.844 344.473
593.687 346.095
622.64 347.736
651.563 349.48
680.477 351.282
709.394 353.112
738.238 354.982
766.856 356.888
392.036 364.298
420.163 365.643
448.428 367.082
476.834 368.511
505.411 370
534.157 371.547
562.984 373.159
591.87 374.766
620.843 376.48
649.827 378.242
678.761 379.971
707.734 381.783
736.615 383.652
765.366 385.559
389.885 392.711
418.109 394.221
446.447 395.651
474.89 397.201
503.487 398.686
532.273 400.332
561.161 401.93
590.09 403.592
619.106 405.344
648.131 407.052
677.135 408.812
706.139 410.633
735.02 412.5
763.758 414.352
387.77 421.363
416.015 422.82
444.445 424.41
472.97 425.988
501.558 427.583
530.384 429.272
559.314 430.892
588.278 432.596
617.326 434.349
646.379 436.119
675.405 437.85
704.441 439.661
733.39 441.486
762.192 443.339
385.799 449.903
414.046 451.529
442.493 453.19
471.02 454.773
499.64 456.488
528.483 458.203
557.444 459.883
586.439 461.616
615.511 463.408
644.561 465.181
673.621 466.921
702.666 468.7
731.686 470.516
760.5 472.304
383.964 478.578
412.178 480.287
440.534 481.961
469.116 483.675
497.73 485.425
526.601 487.194
555.582 488.885
584.594 490.656
613.677 492.45
642.772 494.273
671.839 496.024
700.94 497.79
729.946 499.547
758.789 501.338
382.122 507.397
410.308 509.126
438.665 510.862
467.251 512.65
495.888 514.451
524.719 516.251
553.744 518.026
582.762 519.768
611.891 521.578
641.034 523.392
670.121 525.184
699.217 526.914
728.235 528.664
757.056 530.404
380.18 536.207
408.43 537.925
436.791 539.716
465.406 541.574
494.075 543.432
522.919 545.265
551.916 547.075
580.972 548.837
610.134 550.653
639.263 552.473
668.334 554.281
697.419 555.998
726.422 557.68
755.291 559.407
