391.903 369.878
420.051 371.32
448.405 372.711
476.846 374.196
505.439 375.602
534.227 377.174
563.102 378.718
591.992 380.386
620.977 382.103
649.975 383.792
678.912 385.604
707.856 387.472
736.73 389.392
765.469 391.296
389.953 398.416
418.097 399.817
446.473 401.35
474.97 402.814
503.561 404.393
532.366 405.948
561.289 407.589
590.21 409.296
619.254 410.944
648.249 412.68
677.24 414.489
706.22 416.347
735.143 418.181
763.823 420.067
388.115 427.12
416.225 428.582
444.547 430.153
473.11 431.669
501.669 433.307
530.493 434.874
559.431 436.554
588.396 438.284
617.443 439.985
646.471 441.711
675.482 443.512
704.502 445.331
733.447 447.175
762.249 448.979
386.245 455.704
414.382 457.342
442.684 458.899
471.25 460.522
499.797 462.182
528.638 463.802
557.567 465.538
586.553 467.297
615.609 469.013
644.679 470.738
673.695 472.523
702.75 474.362
731.701 476.142
760.544 477.918
384.302 484.416
412.499 486.073
440.879 487.705
469.42 489.408
498.027 491.116
526.79 492.787
555.753 494.55
584.717 496.313
613.815 498.085
642.883 499.79
671.953 501.587
701.035 503.397
729.995 505.209
758.79 506.914
382.39 513.176
410.603 514.828
439.063 516.601
467.584 518.376
496.261 520.144
525.044 521.86
553.946 523.648
582.973 525.452
612.049 527.248
641.154 529.008
670.221 530.756
699.284 532.555
728.268 534.315
757.072 536.05
380.598 541.771
408.769 543.601
437.286 545.444
465.744 547.268
494.419 549.098
523.264 550.882
552.21 552.701
581.19 554.526
610.285 556.357
639.34 558.138
668.391 559.871
697.451 561.626
726.451 563.384
755.288 565.07
378.952 570.462
407.142 572.358
435.478 574.275
464.009 576.173
492.615 578.022
521.464 579.864
550.41 581.701
579.392 583.55
608.45 585.381
637.514 587.199
666.558 588.926
695.604 590.669
724.591 592.382
753.435 594.041
377.34 599.219
405.452 601.134
433.764 603.106
462.302 605.038
490.88 606.957
519.666 608.836
548.619 610.724
577.579 612.578
606.649 614.427
635.688 616.225
664.709 617.975
693.741 619.675
722.716 621.371
751.523 622.974
375.585 627.826
403.747 629.792
432.14 631.788
460.586 633.789
489.198 635.787
517.941 637.708
546.845 639.616
575.801 641.487
604.846 643.342
633.9 645.152
662.887 646.866
691.904 648.565
720.824 650.209
749.622 651.752
