779.685 259.366
809.075 259.42
838.804 259.55
868.887 259.66
899.229 259.849
929.941 260.195
961.008 260.497
992.339 260.86
1024 261.349
1055.96 261.761
1088.26 262.353
1120.91 262.817
1153.98 263.441
1187.36 263.872
778.339 287.859
807.665 288.171
837.506 288.472
867.602 288.811
897.996 289.267
928.704 289.702
959.815 290.274
991.199 290.808
1022.83 291.444
1054.83 292.118
1087.15 292.748
1119.8 293.508
1152.85 294.202
1186.26 294.934
776.915 316.662
806.349 317.154
836.158 317.623
866.313 318.223
896.669 318.777
927.483 319.465
958.572 320.214
989.948 320.933
1021.67 321.732
1053.66 322.567
1085.98 323.46
1118.67 324.302
1151.71 325.273
1185.11 326.082
775.451 345.511
804.895 346.214
834.715 346.86
864.882 347.631
895.332 348.446
926.146 349.313
957.292 350.219
988.663 351.155
1020.42 352.112
1052.45 353.126
1084.74 354.144
1117.47 355.239
1150.49 356.27
1183.87 357.362
773.79 374.502
803.385 375.369
833.284 376.296
863.45 377.222
893.858 378.23
924.694 379.247
955.868 380.333
987.324 381.431
1019.1 382.57
1051.14 383.727
1083.48 384.961
1116.19 386.194
1149.23 387.472
1182.57 388.628
772.113 403.641
801.672 404.681
831.642 405.782
861.889 406.938
892.401 408.168
923.27 409.381
954.438 410.607
985.871 411.917
1017.64 413.268
1049.7 414.611
1082.07 415.953
1114.78 417.407
1147.79 418.739
1181.22 420.236
770.413 432.799
799.993 434.096
830.031 435.406
860.292 436.717
890.759 438.149
921.664 439.525
952.862 440.997
984.361 442.474
1016.17 443.974
1048.22 445.483
1080.54 447.061
1113.27 448.568
1146.34 450.203
1179.66 451.688
768.712 462.091
798.348 463.55
828.296 465.068
858.558 466.62
889.118 468.192
920.024 469.755
951.278 471.393
982.705 473.048
1014.53 474.673
1046.6 476.427
1078.91 478.125
1111.61 479.852
1144.65 481.544
1178.06 483.333
766.956 491.525
796.559 493.169
826.53 494.847
856.776 496.569
887.391 498.359
918.303 500.118
949.538 501.882
981.003 503.669
1012.81 505.544
1044.86 507.394
1077.24 509.322
1109.89 511.17
1142.94 513.084
1176.28 514.937
765.007 520.962
794.671 522.75
824.674 524.604
855.002 526.522
885.545 528.477
916.484 530.42
947.71 532.39
979.251 534.366
1011.04 536.349
1043.14 538.4
1075.42 540.393
1108.15 542.446
1141.13 544.458
1174.45 546.583
