390.805 406.368
418.95 407.813
447.355 409.396
475.817 410.857
504.437 412.425
533.257 414.033
562.184 415.644
591.133 417.357
620.161 419.101
649.202 420.806
678.188 422.636
707.195 424.494
736.107 426.41
764.799 428.277
388.926 434.927
417.078 436.492
445.462 438.084
473.97 439.65
502.584 441.297
531.398 442.904
560.357 444.59
589.313 446.348
618.372 448.057
647.407 449.792
676.411 451.603
705.43 453.453
734.387 455.3
763.17 457.178
387.156 463.677
415.26 465.306
443.585 466.897
472.153 468.556
500.72 470.267
529.547 471.899
558.5 473.637
587.468 475.396
616.542 477.186
645.581 478.911
674.605 480.697
703.638 482.506
732.607 484.358
761.45 486.19
385.331 492.379
413.471 494.087
441.782 495.717
470.32 497.453
498.878 499.181
527.7 500.875
556.633 502.647
585.625 504.445
614.683 506.235
643.771 507.976
672.793 509.757
701.867 511.579
730.829 513.384
759.664 515.188
383.46 521.071
411.624 522.784
440.045 524.569
468.516 526.339
497.15 528.133
525.895 529.862
554.83 531.672
583.8 533.479
612.892 535.307
641.977 537.081
671.062 538.84
700.114 540.634
729.08 542.434
757.857 544.199
381.597 549.761
409.802 551.585
438.263 553.436
466.736 555.293
495.376 557.106
524.174 558.919
553.072 560.748
582.058 562.597
611.121 564.416
640.19 566.252
669.245 568.02
698.292 569.775
727.264 571.521
756.07 573.291
379.895 578.406
408.104 580.303
436.504 582.23
464.965 584.122
493.573 586.017
522.385 587.873
551.301 589.754
580.269 591.618
609.323 593.486
638.359 595.299
667.389 597.1
696.42 598.796
725.408 600.546
754.218 602.237
378.365 606.958
406.462 608.937
434.738 610.915
463.277 612.894
491.797 614.852
520.601 616.782
549.502 618.674
578.461 620.564
607.488 622.431
636.516 624.285
665.517 626.037
694.533 627.756
723.483 629.455
752.311 631.123
376.737 635.586
404.808 637.591
433.16 639.656
461.557 641.675
490.157 643.69
518.831 645.651
547.733 647.588
576.644 649.488
605.661 651.38
634.667 653.195
663.639 654.941
692.629 656.652
721.556 658.344
750.35 659.914
375.125 664.13
403.256 666.203
431.501 668.28
459.904 670.364
488.442 672.4
517.178 674.407
546.003 676.363
574.887 678.282
603.85 680.137
632.844 681.93
661.776 683.692
690.738 685.41
719.624 687
748.393 688.579
