344.691 228.695
374.588 231.902
404.313 235.193
433.648 238.372
462.671 241.551
491.49 244.833
519.97 248.217
548.095 251.533
575.853 254.925
603.282 258.373
630.264 261.801
656.826 265.317
683.089 268.79
708.744 272.306
342.331 257.649
372.262 260.691
401.991 263.749
431.43 266.821
460.526 269.901
489.388 273.055
517.925 276.231
546.136 279.395
573.974 282.574
601.453 285.781
628.5 289.085
655.232 292.367
681.495 295.604
707.315 298.894
340.036 286.862
369.944 289.719
399.699 292.627
429.254 295.54
458.392 298.472
487.32 301.429
515.906 304.421
544.203 307.408
572.143 310.446
599.626 313.464
626.761 316.518
653.551 319.572
679.909 322.644
705.77 325.704
337.687 316.135
367.731 318.842
397.537 321.582
427.088 324.355
456.285 327.119
485.265 329.851
513.897 332.666
542.267 335.52
570.294 338.372
597.857 341.225
625.107 344.059
651.917 346.922
678.379 349.777
704.33 352.646
335.379 345.503
365.507 348.107
395.402 350.648
424.952 353.286
454.226 355.83
483.258 358.48
511.964 361.139
540.385 363.731
568.44 366.424
596.144 369.072
623.416 371.717
650.331 374.41
676.744 377.102
702.74 379.677
333.053 375.062
363.271 377.488
393.243 379.902
422.852 382.383
452.215 384.789
481.29 387.304
510.073 389.715
538.508 392.24
566.599 394.657
594.38 397.188
621.662 399.599
648.641 402.118
675.216 404.52
701.252 406.956
330.857 404.599
361.112 406.902
391.16 409.242
420.777 411.501
450.214 413.789
479.341 416.127
508.203 418.434
536.631 420.675
564.809 423.007
592.577 425.299
619.961 427.541
646.965 429.78
673.554 432.046
699.622 434.252
328.829 434.327
359.087 436.456
389.097 438.574
418.788 440.726
448.261 442.869
477.418 445.03
506.334 447.147
534.816 449.269
563.063 451.366
590.831 453.465
618.292 455.521
645.31 457.571
671.865 459.572
698.029 461.57
326.84 464.19
357.139 466.135
387.178 468.149
416.872 470.125
446.376 472.096
475.555 474.027
504.514 475.965
533.072 477.87
561.323 479.781
589.17 481.683
616.553 483.583
643.588 485.433
670.262 487.272
696.387 489.016
324.776 494.047
355.196 495.799
385.277 497.61
415.07 499.448
444.516 501.27
473.764 503.007
502.712 504.756
531.345 506.521
559.568 508.266
587.473 509.929
614.861 511.607
641.952 513.27
668.567 514.798
694.704 516.409
