340.977 377.278
365.695 377.552
390.8 377.885
416.224 378.261
441.788 378.544
467.777 378.981
494.112 379.427
520.568 379.882
547.42 380.505
574.44 381.072
601.61 381.716
629.098 382.465
656.654 383.261
684.373 384.005
337.623 402.337
362.503 402.736
387.73 403.268
413.315 403.687
439.091 404.252
465.237 404.712
491.616 405.377
518.372 405.925
545.324 406.56
572.492 407.319
599.85 407.993
627.492 408.785
655.315 409.618
683.163 410.485
334.335 427.773
359.312 428.39
384.639 428.974
410.364 429.595
436.296 430.288
462.548 430.901
489.219 431.602
515.996 432.363
543.191 433.136
570.523 433.868
598.104 434.706
625.873 435.575
653.824 436.497
681.879 437.414
330.904 453.509
356.104 454.308
381.565 455.009
407.409 455.756
433.451 456.553
459.868 457.389
486.635 458.236
513.658 459.067
540.96 459.91
568.524 460.812
596.296 461.736
624.28 462.704
652.427 463.673
680.641 464.659
327.475 479.545
352.785 480.464
378.482 481.389
404.434 482.303
430.621 483.233
457.253 484.178
484.159 485.16
511.323 486.131
538.755 487.119
566.505 488.136
594.431 489.19
622.583 490.234
650.907 491.318
679.379 492.364
323.976 505.935
349.477 506.998
375.328 508.09
401.433 509.186
427.766 510.268
454.532 511.386
481.592 512.486
508.924 513.585
536.57 514.711
564.472 515.849
592.551 517.01
620.91 518.208
649.448 519.346
678.043 520.492
320.581 532.566
346.215 533.788
372.199 535.061
398.418 536.319
424.911 537.561
451.798 538.804
479.084 540.104
506.541 541.369
534.377 542.623
562.425 543.893
590.655 545.203
619.236 546.448
647.905 547.675
676.679 548.903
317.287 559.511
342.941 560.883
368.984 562.343
395.392 563.735
422.067 565.189
449.119 566.585
476.491 567.988
504.17 569.426
532.144 570.801
560.349 572.271
588.749 573.617
617.476 575.014
646.371 576.37
675.351 577.684
313.881 586.81
339.66 588.376
365.835 589.935
392.355 591.529
419.205 593.129
446.374 594.663
473.891 596.276
501.685 597.779
529.847 599.382
558.275 600.896
586.828 602.447
615.687 603.915
644.737 605.397
673.887 606.807
310.417 614.405
336.408 616.063
362.673 617.759
389.353 619.531
416.293 621.29
443.596 622.974
471.32 624.69
499.302 626.427
527.572 628.131
556.167 629.788
584.886 631.465
613.916 633.081
643.167 634.62
672.476 636.193
