335.399 266.612
357.497 265.833
380.096 265.155
403.101 264.373
426.494 263.585
450.441 262.862
474.832 262.275
499.688 261.608
525.107 261.086
550.865 260.573
577.189 260.173
603.852 259.754
631.081 259.509
658.549 259.276
333.482 291.586
355.578 291.058
378.229 290.518
401.243 290.007
424.646 289.492
448.596 289.031
473.08 288.577
497.919 288.247
523.346 287.857
549.183 287.558
575.43 287.385
602.209 287.234
629.395 287.112
656.877 287.064
331.591 316.714
353.667 316.437
376.311 316.129
399.358 315.794
422.77 315.543
446.732 315.348
471.243 315.161
496.149 314.961
521.522 314.83
547.382 314.757
573.64 314.745
600.457 314.774
627.642 314.904
655.265 315.08
329.66 341.885
351.799 341.807
374.421 341.71
397.456 341.663
420.877 341.635
444.872 341.637
469.38 341.674
494.287 341.756
519.655 341.889
545.56 342.072
571.839 342.299
598.676 342.53
625.914 342.823
653.537 343.242
327.7 367.175
349.892 367.333
372.531 367.472
395.567 367.622
419.06 367.834
443.036 368.136
467.502 368.415
492.439 368.69
517.832 369.082
543.718 369.459
570.119 369.869
596.915 370.412
624.228 370.931
651.796 371.501
325.73 392.512
347.952 392.855
370.602 393.331
393.687 393.72
417.206 394.248
441.206 394.698
465.635 395.271
490.586 395.788
516.053 396.428
541.948 397.064
568.345 397.706
595.206 398.476
622.484 399.246
650.146 400.024
323.878 417.825
346.087 418.507
368.726 419.2
391.781 419.835
415.318 420.579
439.337 421.365
463.791 422.165
488.738 422.935
514.26 423.793
540.183 424.682
566.531 425.605
593.445 426.565
620.736 427.544
648.436 428.563
322.148 443.304
344.279 444.177
366.822 445.103
389.899 446.057
413.429 447.026
437.448 448.049
461.947 449.072
486.922 450.158
512.427 451.258
538.376 452.405
564.733 453.542
591.657 454.717
619.032 455.934
646.697 457.211
320.344 468.809
342.442 469.925
365.026 471.126
388.076 472.339
411.552 473.544
435.558 474.771
460.149 476.107
485.12 477.401
510.602 478.726
536.561 480.151
562.98 481.549
589.88 482.972
617.286 484.448
644.981 485.881
318.46 494.412
340.584 495.688
363.205 497.127
386.238 498.548
409.65 500.046
433.687 501.524
458.269 503.078
483.271 504.622
508.74 506.245
534.745 507.838
561.222 509.526
588.155 511.228
615.505 512.836
643.287 514.568
