247.133 184.528
274.016 185.318
301.166 186.106
328.433 186.835
355.804 187.632
383.5 188.599
411.397 189.561
439.386 190.618
467.557 191.785
495.837 193.035
524.267 194.402
552.74 195.793
581.372 197.378
609.859 198.936
244.696 211.852
271.589 212.658
298.748 213.529
326.114 214.409
353.554 215.315
381.274 216.302
409.204 217.333
437.254 218.43
465.46 219.573
493.79 220.828
522.272 222.231
550.805 223.634
579.476 225.19
608.094 226.742
242.38 239.446
269.281 240.31
296.418 241.225
323.735 242.158
351.277 243.117
378.991 244.156
406.967 245.259
435.04 246.381
463.352 247.596
491.712 248.85
520.258 250.3
548.849 251.684
577.573 253.27
606.297 254.824
239.988 266.998
266.923 267.969
294.127 268.928
321.463 269.924
348.939 270.984
376.731 272.095
404.703 273.242
432.844 274.448
461.229 275.681
489.645 277.038
518.255 278.431
546.918 279.897
575.687 281.452
604.473 283.093
237.532 294.688
264.569 295.728
291.775 296.766
319.209 297.854
346.69 298.989
374.514 300.177
402.535 301.397
430.691 302.626
459.119 303.947
487.597 305.344
516.257 306.754
545.015 308.314
573.803 309.853
602.625 311.47
235.158 322.572
262.214 323.665
289.471 324.814
316.887 325.998
344.478 327.253
372.341 328.472
400.394 329.734
428.591 331.103
457.018 332.465
485.568 333.874
514.288 335.397
543.1 336.916
571.971 338.514
600.814 340.191
232.799 350.476
259.846 351.658
287.224 352.896
314.606 354.214
342.27 355.497
370.156 356.814
398.253 358.234
426.491 359.594
454.948 361.091
483.547 362.544
512.304 364.12
541.2 365.653
570.15 367.318
599.061 368.912
230.644 378.486
257.648 379.75
284.899 381.139
312.41 382.496
340.047 383.86
367.942 385.309
396.135 386.71
424.421 388.241
452.905 389.717
481.564 391.341
510.359 392.886
539.293 394.52
568.287 396.177
597.282 397.827
228.479 406.652
255.485 408.036
282.727 409.466
310.246 410.912
337.863 412.405
365.79 413.859
394.021 415.432
422.364 416.959
450.897 418.552
479.59 420.199
508.423 421.807
537.39 423.512
566.427 425.231
595.446 426.869
226.253 434.89
253.338 436.341
280.574 437.787
308.097 439.367
335.731 440.902
363.701 442.489
391.912 444.121
420.339 445.706
448.9 447.4
477.651 449.102
506.5 450.763
535.503 452.501
564.568 454.233
593.636 455.929
