230.687 398.433
257.656 399.744
284.902 401.157
312.374 402.459
339.939 403.778
367.833 405.248
395.992 406.66
424.301 408.195
452.778 409.693
481.448 411.319
510.242 412.923
539.171 414.601
568.163 416.374
597.136 418.1
228.769 426.582
255.723 428.004
283.025 429.449
310.473 430.875
338.105 432.372
365.973 433.838
394.145 435.416
422.419 436.961
450.91 438.552
479.565 440.224
508.372 441.848
537.301 443.572
566.325 445.329
595.3 447.106
226.974 454.879
253.894 456.397
281.173 457.884
308.591 459.452
336.244 461.008
364.152 462.576
392.272 464.257
420.545 465.82
449.094 467.524
477.694 469.225
506.507 470.898
535.461 472.645
564.461 474.448
593.465 476.221
225.193 483.138
252.172 484.716
279.371 486.359
306.757 487.956
334.391 489.607
362.308 491.317
390.431 492.991
418.695 494.687
447.259 496.457
475.879 498.215
504.655 499.93
533.607 501.717
562.614 503.517
591.638 505.343
223.351 511.368
250.385 513.088
277.6 514.756
305.054 516.5
332.626 518.272
360.517 520.006
388.629 521.759
416.901 523.572
445.455 525.406
474.118 527.211
502.862 529.028
531.797 530.792
560.818 532.637
589.814 534.443
221.535 539.625
248.577 541.433
275.856 543.271
303.346 545.101
330.926 546.903
358.798 548.762
386.889 550.635
415.228 552.527
443.666 554.411
472.376 556.29
501.155 558.137
530.082 559.989
559.092 561.798
588.066 563.633
219.88 567.791
246.89 569.699
274.234 571.633
301.605 573.571
329.265 575.537
357.146 577.475
385.256 579.443
413.51 581.393
442.002 583.341
470.603 585.257
499.407 587.173
528.336 589.042
557.347 590.888
586.312 592.718
218.406 595.992
245.385 597.976
272.551 600.024
300.001 602.084
327.583 604.103
355.479 606.13
383.57 608.156
411.832 610.165
440.357 612.17
468.938 614.159
497.667 616.117
526.583 618.018
555.558 619.868
584.539 621.726
216.86 624.241
243.822 626.306
271.041 628.416
298.417 630.535
326.037 632.641
353.849 634.726
381.986 636.814
410.243 638.879
438.685 640.939
467.318 642.971
496.03 644.988
524.859 646.908
553.828 648.826
582.758 650.678
215.311 652.379
242.328 654.491
269.488 656.661
296.863 658.854
324.456 661.086
352.332 663.244
380.392 665.406
408.616 667.506
437.103 669.601
465.667 671.666
494.388 673.706
523.259 675.686
552.183 677.592
581.088 679.465
