14
0.995911906110696 -0.0608140159908825 -0.0667916965349859 235.565789899146
0.0634611503418323 0.997250976415824 0.0382514370315207 -524.849958398798
0.0642818610826749 -0.0423337394609278 0.997033448204724 1755.86092781013
0 0 0 1
0.997644720067131 -0.0608415930978409 -0.0316751175450519 -65.7780669046483
0.0622382936634813 0.997039399548815 0.045153411268664 -541.672610930971
0.0288341347023691 -0.0470184676127966 0.998477769596955 1754.45610219542
0 0 0 1
0.997599700301938 -0.0635395155044546 0.0275239518772785 -364.37055165085
0.0620270446618703 0.99668212421038 0.0527009393654286 -557.485130850391
-0.0307812229776191 -0.0508672119242191 0.998230956774563 1772.00007108954
0 0 0 1
0.995172544254847 -0.0647358922631841 0.0737622628057432 -660.155520865608
0.0608220575387011 0.996679964886669 0.054126933316677 -574.526987242119
-0.0770213248269143 -0.0493792653489142 0.995805906628148 1793.19811504246
0 0 0 1
0.993336022617277 -0.0631806754051932 0.0963937156988593 -957.194632278285
0.0586754816472774 0.997079715145052 0.048879745291094 -590.966292659677
-0.0992004739119168 -0.0428980640775996 0.994142355034753 1820.12723762382
0 0 0 1
0.998127678474664 -0.0603287240108069 0.0100788155061097 384.142333698773
0.0600640691562883 0.997887153817176 0.0247696556908857 -416.324319972467
-0.0115518422412584 -0.024117904259788 0.999642376870323 1719.98065985854
0 0 0 1
0.997685873277598 -0.0592861357641065 0.0332874205740936 85.0524726575104
0.0583579384524889 0.99789744076797 0.0281966084540379 -432.714747537089
-0.0348890997575486 -0.0261887726878282 0.99904799629608 1740.08595457234
0 0 0 1
0.992811656918553 -0.0627923968899375 0.10189273173026 -209.191391593519
0.0592782230827079 0.997549580284528 0.0371608280628838 -447.713085460111
-0.103976469236048 -0.0308536831995642 0.994101073371428 1785.71858382145
0 0 0 1
0.986058531755383 -0.0643410834698981 0.153456172669393 -502.344254632381
0.0577355636393527 0.997219086803327 0.0471242783115567 -464.23680890964
-0.156061451498008 -0.0376074180589204 0.987031157291033 1831.6668736345
0 0 0 1
0.981371391093777 -0.0627965219513639 0.181567589545811 -796.596201778047
0.0550939312970536 0.997366616450399 0.0471645112825047 -480.437367348256
-0.184051219710438 -0.0362826297433613 0.982246771082505 1886.95629468452
0 0 0 1
0.988263700237731 -0.0605524407112932 -0.14024357638171 78.0594307343807
0.0664994862706945 0.997058389330399 0.0381101901281467 -534.227423356037
0.137523369352852 -0.0469890432949544 0.989383319392471 1771.07623782999
0 0 0 1
0.993096200573904 -0.0608502923651633 -0.100285484117848 -223.363098865841
0.0653525326608322 0.996968029892558 0.0422349836861142 -551.818293159417
0.0974114104224545 -0.0484973122061998 0.994061883299165 1746.80664903978
0 0 0 1
0.997122800256369 -0.0634704167641639 -0.0414442686590096 -522.242632684913
0.0653388298458656 0.996829738634692 0.045401646312281 -568.560420597138
0.0384312180820469 -0.0479789367251483 0.998108743127448 1740.07031317762
0 0 0 1
0.99791601420515 -0.064459725498364 -0.00292786297197585 -818.417394133948
0.0645261348407614 0.996944174835479 0.0440305596616421 -585.351414135002
8.07181452990283e-05 -0.0441277242816929 0.999025894276169 1734.17477658606
0 0 0 1
