14
-2e-06 0.999997 -0.002389 600.952737
-0.000796 -0.002389 -0.999997 398.08755
-1 0 0.000796 -600.31834
0 0 0 1
-2e-06 0.999997 -0.002389 300.953593
-0.000796 -0.002389 -0.999997 398.804244
-1 0 0.000796 -600.31834
0 0 0 1
-2e-06 0.999997 -0.002389 0.954449
-0.000796 -0.002389 -0.999997 399.520937
-1 0 0.000796 -600.31834
0 0 0 1
-2e-06 0.999997 -0.002389 -299.044694
-0.000796 -0.002389 -0.999997 400.23763
-1 0 0.000796 -600.31834
0 0 0 1
-2e-06 0.999997 -0.002389 -599.043838
-0.000796 -0.002389 -0.999997 400.954324
-1 0 0.000796 -600.31834
0 0 0 1
-0.099505 0.995034 -0.002389 538.511785
-0.000555 -0.002456 -0.999997 498.191803
-0.995037 -0.099504 0.000796 -657.122504
0 0 0 1
-0.099505 0.995034 -0.002389 240.001536
-0.000555 -0.002456 -0.999997 498.928711
-0.995037 -0.099504 0.000796 -627.271396
0 0 0 1
-0.099505 0.995034 -0.002389 -58.508712
-0.000555 -0.002456 -0.999997 499.665619
-0.995037 -0.099504 0.000796 -597.420288
0 0 0 1
-0.099505 0.995034 -0.002389 -357.01896
-0.000555 -0.002456 -0.999997 500.402526
-0.995037 -0.099504 0.000796 -567.56918
0 0 0 1
-0.099505 0.995034 -0.002389 -655.529208
-0.000555 -0.002456 -0.999997 501.139434
-0.995037 -0.099504 0.000796 -537.718072
0 0 0 1
0.099502 0.995035 -0.002389 657.677244
-0.00103 -0.002298 -0.999997 398.00195
-0.995037 0.099504 0.000796 -537.638439
0 0 0 1
0.099502 0.995035 -0.002389 359.166882
-0.00103 -0.002298 -0.999997 398.691315
-0.995037 0.099504 0.000796 -567.489547
0 0 0 1
0.099502 0.995035 -0.002389 60.65652
-0.00103 -0.002298 -0.999997 399.380681
-0.995037 0.099504 0.000796 -597.340655
0 0 0 1
0.099502 0.995035 -0.002389 -237.853842
-0.00103 -0.002298 -0.999997 400.070046
-0.995037 0.099504 0.000796 -627.191763
0 0 0 1
