146.457 167.662
175.347 169.478
204.269 171.268
233.162 172.966
261.974 174.675
290.905 176.544
319.932 178.394
348.877 180.318
377.916 182.354
406.927 184.35
435.871 186.501
464.848 188.697
493.767 191.049
522.542 193.397
143.897 196.169
172.737 197.862
201.678 199.615
230.596 201.368
259.499 203.128
288.471 204.852
317.506 206.703
346.532 208.592
375.578 210.521
404.625 212.551
433.637 214.605
462.674 216.761
491.643 219.002
520.49 221.307
141.408 224.763
170.26 226.49
199.173 228.236
228.12 229.908
257.011 231.636
285.993 233.419
315.078 235.263
344.138 237.103
373.267 238.999
402.344 240.925
431.426 242.981
460.511 245.082
489.54 247.254
518.456 249.446
138.839 253.46
167.725 255.191
196.646 256.844
225.573 258.548
254.491 260.3
283.539 262.029
312.601 263.795
341.701 265.638
370.864 267.522
400.079 269.468
429.217 271.446
458.372 273.495
487.466 275.583
516.433 277.712
136.291 282.221
165.254 283.914
194.21 285.613
223.154 287.352
252.083 289.066
281.148 290.757
310.278 292.56
339.396 294.394
368.58 296.267
397.767 298.146
426.99 300.115
456.267 302.109
485.39 304.185
514.434 306.256
133.669 311.18
162.644 312.807
191.664 314.546
220.67 316.293
249.649 318.004
278.725 319.724
307.884 321.524
337.109 323.352
366.356 325.193
395.579 327.083
424.811 328.969
454.145 330.958
483.377 332.943
512.444 335.002
131.278 340.077
160.242 341.779
189.296 343.52
218.29 345.283
247.296 347.011
276.411 348.745
305.587 350.549
334.797 352.372
364.14 354.247
393.425 356.097
422.683 357.983
452.072 359.898
481.366 361.864
510.488 363.839
128.925 369.162
157.854 370.832
186.828 372.594
215.862 374.369
244.912 376.139
274.11 377.856
303.345 379.649
332.59 381.485
361.924 383.334
391.299 385.222
420.61 387.101
450.013 388.999
479.375 390.891
508.562 392.823
126.633 398.374
155.553 400.102
184.547 401.802
213.57 403.594
242.633 405.375
271.794 407.16
301.154 408.919
330.426 410.705
359.795 412.568
389.242 414.438
418.58 416.346
448.026 418.229
477.416 420.12
506.629 421.979
124.282 427.658
153.281 429.347
182.297 431.088
211.362 432.817
240.414 434.617
269.623 436.412
298.937 438.224
328.327 440.021
357.699 441.821
387.203 443.686
416.583 445.56
446.086 447.431
475.49 449.292
504.775 451.159
