246.926 184.652
273.8 185.442
300.973 186.268
328.295 187.009
355.669 187.785
383.374 188.739
411.27 189.686
439.266 190.772
467.458 191.973
495.735 193.222
524.169 194.552
552.663 195.989
581.3 197.538
609.79 199.165
244.53 212.022
271.437 212.804
298.591 213.665
325.913 214.543
353.415 215.462
381.146 216.425
409.048 217.489
437.122 218.582
465.354 219.724
493.678 221.048
522.171 222.396
550.713 223.81
579.419 225.37
608.028 226.959
242.19 239.577
269.098 240.456
296.265 241.374
323.585 242.306
351.126 243.29
378.813 244.314
406.799 245.414
434.867 246.549
463.242 247.753
491.602 249.088
520.151 250.467
548.762 251.874
577.502 253.446
606.231 255.064
239.755 267.182
266.72 268.163
293.905 269.117
321.302 270.137
348.764 271.181
376.588 272.27
404.575 273.409
432.708 274.599
461.091 275.85
489.546 277.247
518.141 278.604
546.818 280.144
575.605 281.642
604.412 283.308
237.361 294.861
264.395 295.909
291.586 296.968
318.998 298.056
346.538 299.207
374.38 300.355
402.397 301.552
430.557 302.797
458.94 304.181
487.491 305.517
516.151 306.981
544.882 308.499
573.712 310.127
602.558 311.67
234.888 322.733
261.972 323.841
289.297 325.009
316.698 326.209
344.333 327.421
372.181 328.648
400.249 329.943
428.456 331.31
456.851 332.649
485.451 334.138
514.162 335.582
542.973 337.187
571.844 338.722
600.728 340.407
232.594 350.64
259.639 351.847
286.993 353.123
314.449 354.401
342.089 355.68
369.948 357.027
398.087 358.418
426.353 359.796
454.788 361.318
483.43 362.747
512.185 364.345
541.07 365.882
570.027 367.529
598.932 369.196
230.451 378.663
257.469 379.963
284.687 381.342
312.229 382.678
339.825 384.091
367.746 385.488
395.934 386.925
424.281 388.441
452.749 389.939
481.444 391.534
510.251 393.164
539.171 394.743
568.188 396.413
597.176 398.128
228.28 406.85
255.291 408.257
282.54 409.659
310.013 411.157
337.675 412.591
365.616 414.116
393.82 415.627
422.215 417.216
450.736 418.765
479.477 420.423
508.308 422.11
537.288 423.732
566.326 425.459
595.359 427.157
226.006 435.126
253.112 436.533
280.395 438.032
307.861 439.569
335.555 441.183
363.533 442.705
391.73 444.351
420.186 445.965
448.739 447.616
477.521 449.352
506.385 451.057
535.402 452.739
564.479 454.478
593.541 456.237
