490.263 252.138
517.615 252.629
545.388 253.285
573.342 253.842
601.457 254.537
629.847 255.348
658.517 256.254
687.333 257.197
716.297 258.281
745.379 259.404
774.514 260.603
803.755 261.952
833.188 263.382
862.444 264.754
488.307 279.653
515.675 280.34
543.481 281.036
571.487 281.758
599.658 282.591
628.177 283.503
656.836 284.486
685.674 285.534
714.699 286.656
743.832 287.862
773.086 289.206
802.421 290.546
831.759 291.965
861.187 293.491
486.359 307.474
513.744 308.249
541.573 309.065
569.615 309.9
597.849 310.847
626.41 311.839
655.182 312.952
684.047 314.129
713.153 315.349
742.35 316.599
771.586 317.945
800.984 319.374
830.444 320.823
859.816 322.396
484.388 335.319
511.877 336.247
539.674 337.186
567.748 338.19
596.037 339.232
624.603 340.352
653.421 341.502
682.364 342.725
711.502 344.063
740.733 345.421
770.1 346.79
799.536 348.339
829.028 349.811
858.501 351.426
482.342 363.287
509.918 364.323
537.784 365.4
565.896 366.505
594.244 367.657
622.793 368.879
651.647 370.231
680.633 371.533
709.82 372.895
739.169 374.36
768.533 375.815
798.038 377.395
827.554 378.96
857.082 380.551
480.294 391.416
507.883 392.555
535.84 393.751
564.058 395.062
592.401 396.369
621.038 397.674
649.876 399.099
678.924 400.518
708.18 401.996
737.491 403.518
766.894 405.074
796.475 406.669
826.049 408.316
855.563 409.954
478.323 419.536
505.924 420.841
533.938 422.248
562.151 423.6
590.513 425.082
619.234 426.526
648.128 428.044
677.198 429.557
706.445 431.179
735.761 432.702
765.274 434.386
794.798 436.034
824.471 437.677
854.029 439.39
476.44 447.776
504.075 449.269
532.006 450.721
560.241 452.318
588.608 453.818
617.361 455.442
646.325 457.029
675.393 458.637
704.65 460.334
734.07 462.038
763.539 463.695
793.166 465.446
822.755 467.163
852.405 468.872
474.532 476.226
502.193 477.745
530.146 479.413
558.342 481.07
586.743 482.706
615.491 484.423
644.473 486.151
673.552 487.823
702.867 489.603
732.323 491.379
761.766 493.181
791.417 494.907
821.078 496.69
850.654 498.47
472.525 504.613
500.27 506.31
528.237 508.013
556.453 509.774
584.852 511.579
613.614 513.395
642.587 515.214
671.713 517.015
701.081 518.829
730.506 520.685
760.01 522.555
789.622 524.406
819.305 526.207
848.897 528.011
