313.117 178.388
341.931 180.328
370.875 182.261
399.761 184.22
428.617 186.241
457.531 188.333
486.41 190.524
515.203 192.759
543.874 195.203
572.505 197.597
600.95 200.154
629.324 202.732
657.479 205.46
685.415 208.185
310.617 206.581
339.532 208.452
368.523 210.393
397.492 212.36
426.408 214.339
455.347 216.429
484.317 218.557
513.152 220.753
541.921 223.094
570.581 225.442
599.154 227.884
627.563 230.423
655.775 233.002
683.786 235.641
308.289 235.037
337.187 236.85
366.202 238.719
395.211 240.659
424.169 242.637
453.185 244.669
482.178 246.786
511.091 248.962
539.944 251.239
568.674 253.504
597.34 255.852
625.785 258.336
654.198 260.792
682.269 263.366
305.814 263.52
334.806 265.393
363.829 267.248
392.878 269.147
421.857 271.096
450.96 273.095
480.053 275.155
509.027 277.305
537.951 279.452
566.791 281.659
595.498 283.97
624.117 286.36
652.49 288.724
680.644 291.238
303.384 292.198
332.466 293.999
361.566 295.82
390.643 297.709
419.689 299.634
448.791 301.611
477.927 303.639
506.99 305.7
536.019 307.841
564.897 310.041
593.666 312.295
622.382 314.559
650.804 316.874
679.07 319.26
300.896 321.016
330.069 322.789
359.287 324.644
388.432 326.532
417.53 328.451
446.689 330.419
475.843 332.415
505 334.451
534.087 336.525
563.053 338.63
591.845 340.787
620.59 343.045
649.18 345.286
677.425 347.534
298.572 349.865
327.709 351.674
356.994 353.539
386.219 355.422
415.373 357.354
444.58 359.28
473.813 361.267
502.988 363.264
532.156 365.318
561.179 367.379
590.065 369.475
618.796 371.588
647.461 373.743
675.745 375.89
296.416 378.888
325.539 380.682
354.726 382.549
383.998 384.445
413.247 386.331
442.497 388.269
471.774 390.191
501.032 392.176
530.239 394.159
559.309 396.214
588.257 398.246
617.077 400.323
645.69 402.354
674.144 404.426
294.235 408.156
323.401 409.877
352.609 411.699
381.841 413.571
411.168 415.469
440.465 417.359
469.782 419.292
499.092 421.21
528.341 423.165
557.448 425.126
586.43 427.134
615.322 429.112
643.982 431.114
672.426 433.072
291.943 437.416
321.249 439.151
350.508 440.907
379.788 442.737
409.111 444.612
438.471 446.49
467.813 448.367
497.185 450.273
526.452 452.164
555.606 454.099
584.607 456.017
613.539 457.902
642.287 459.787
670.706 461.7
