645.387 203.301
673.304 205.931
701.08 208.62
728.593 211.392
755.87 214.144
782.985 216.934
809.83 219.837
836.431 222.753
862.698 225.749
888.694 228.755
914.412 231.82
939.812 234.873
964.967 237.988
989.729 241.061
643.653 230.773
671.593 233.372
699.47 236.031
727.112 238.668
754.429 241.387
781.565 244.174
808.507 246.91
835.152 249.751
861.501 252.613
887.544 255.537
913.334 258.467
938.754 261.421
963.985 264.371
988.77 267.325
642.048 258.585
670.011 261.088
697.859 263.608
725.53 266.226
752.931 268.816
780.181 271.492
807.163 274.244
833.789 276.899
860.281 279.679
886.398 282.473
912.196 285.302
937.705 288.108
962.946 290.895
987.813 293.698
640.362 286.448
668.415 288.858
696.34 291.361
724.017 293.819
751.459 296.386
778.704 298.928
805.728 301.534
832.484 304.211
858.993 306.808
885.21 309.492
911.051 312.19
936.618 314.844
961.885 317.547
986.802 320.264
638.534 314.473
666.692 316.797
694.697 319.238
722.473 321.612
749.94 324.066
777.296 326.522
804.382 329.044
831.187 331.558
857.697 334.119
883.935 336.621
909.858 339.231
935.506 341.73
960.77 344.355
985.737 346.826
636.66 342.672
664.935 344.943
693.057 347.297
720.867 349.59
748.44 351.953
775.782 354.377
802.92 356.724
829.778 359.187
856.397 361.569
882.648 364.005
908.598 366.433
934.312 368.851
959.618 371.303
984.592 373.667
634.899 370.963
663.243 373.205
691.396 375.43
719.288 377.656
746.853 379.933
774.322 382.247
801.501 384.516
828.392 386.796
855.007 389.173
881.332 391.44
907.31 393.717
932.971 396.045
958.378 398.334
983.385 400.548
633.259 399.421
661.535 401.523
689.662 403.662
717.619 405.833
745.326 408.025
772.753 410.221
800.028 412.391
826.909 414.556
853.575 416.724
879.891 418.928
905.901 421.123
931.628 423.303
957.037 425.407
982.079 427.514
631.481 428.07
659.81 430.062
688.048 432.143
716.019 434.192
743.718 436.26
771.262 438.315
798.521 440.383
825.466 442.421
852.169 444.491
878.489 446.537
904.506 448.578
930.251 450.596
955.619 452.586
980.642 454.545
629.603 456.722
658.13 458.621
686.384 460.542
714.41 462.516
742.169 464.468
769.685 466.421
796.997 468.37
823.963 470.315
850.663 472.256
877.062 474.173
903.071 476.073
928.762 477.93
954.197 479.732
979.234 481.595
