404.476 190.423
432.35 191.498
460.433 192.596
488.58 193.723
516.8 194.981
545.275 196.32
573.736 197.714
602.317 199.283
630.881 200.88
659.495 202.594
688.08 204.43
716.616 206.369
745.171 208.357
773.513 210.398
402.265 218.033
430.157 219.137
458.283 220.304
486.511 221.513
514.801 222.75
543.302 224.198
571.868 225.589
600.479 227.181
629.202 228.745
657.806 230.484
686.467 232.333
715.164 234.216
743.67 236.167
772.175 238.211
400.086 245.826
427.964 246.991
456.168 248.232
484.43 249.471
512.768 250.766
541.353 252.209
569.972 253.664
598.628 255.249
627.421 256.858
656.189 258.582
684.851 260.401
713.576 262.29
742.302 264.248
770.709 266.216
397.822 273.721
425.834 274.958
454.052 276.246
482.378 277.522
510.722 278.871
539.379 280.361
568.093 281.823
596.794 283.446
625.618 285.103
654.476 286.775
683.292 288.588
712.085 290.481
740.734 292.398
769.371 294.382
395.567 301.764
423.637 303.088
451.918 304.402
480.327 305.715
508.738 307.199
537.415 308.631
566.185 310.231
594.962 311.775
623.845 313.481
652.731 315.215
681.615 316.995
710.498 318.831
739.303 320.743
767.874 322.668
393.309 330.035
421.433 331.386
449.755 332.707
478.258 334.211
506.721 335.647
535.458 337.232
564.292 338.763
593.163 340.435
622.109 342.128
651.058 343.82
679.955 345.635
708.88 347.507
737.708 349.389
766.42 351.32
391.123 358.339
419.301 359.707
447.661 361.213
476.182 362.667
504.716 364.273
533.5 365.798
562.394 367.462
591.315 369.149
620.317 370.832
649.317 372.601
678.281 374.421
707.279 376.261
736.192 378.139
764.874 379.962
389.062 386.724
417.23 388.252
445.548 389.728
474.117 391.35
502.698 392.903
531.523 394.549
560.468 396.239
589.451 397.902
618.492 399.656
647.531 401.48
676.542 403.289
705.577 405.127
734.532 406.907
763.343 408.76
386.952 415.387
415.173 416.865
443.532 418.492
472.111 420.126
500.723 421.742
529.569 423.446
558.566 425.17
587.568 426.839
616.672 428.623
645.735 430.452
674.813 432.291
703.857 434.083
732.851 435.882
761.67 437.712
384.766 444.073
413.088 445.601
441.51 447.26
470.116 448.896
498.748 450.608
527.643 452.345
556.653 454.093
585.715 455.801
614.832 457.605
644.012 459.451
673.113 461.283
702.203 463.094
731.209 464.851
760.045 466.678
