94.1678 180.423
120.146 181.195
146.338 181.755
172.61 182.407
199.039 183.002
225.689 183.655
252.575 184.384
279.603 185.123
306.883 185.878
334.343 186.74
361.918 187.631
389.731 188.627
417.713 189.726
445.78 190.813
91.7585 207.575
117.761 208.271
143.952 208.975
170.293 209.671
196.684 210.387
223.373 211.126
250.287 211.837
277.31 212.634
304.55 213.485
332.027 214.387
359.598 215.36
387.497 216.364
415.492 217.424
443.566 218.587
89.4969 234.743
115.426 235.569
141.577 236.365
167.871 237.139
194.356 237.862
220.986 238.649
247.868 239.511
274.898 240.372
302.244 241.279
329.654 242.21
357.345 243.216
385.229 244.262
413.282 245.387
441.392 246.531
87.1549 262.05
113.142 262.863
139.271 263.729
165.53 264.569
191.919 265.447
218.61 266.323
245.508 267.219
272.552 268.145
299.857 269.096
327.387 270.085
355.043 271.161
382.95 272.279
411.043 273.417
439.239 274.612
84.7151 289.362
110.73 290.346
136.896 291.252
163.218 292.183
189.595 293.107
216.302 294.055
243.203 295.015
270.274 296.023
297.556 297.067
325.098 298.143
352.764 299.272
380.712 300.421
408.839 301.634
437.085 302.866
82.3363 316.809
108.378 317.787
134.55 318.838
160.85 319.855
187.327 320.896
213.967 321.953
240.848 323.051
267.973 324.139
295.33 325.265
322.82 326.412
350.568 327.579
378.567 328.808
406.69 330.119
434.955 331.429
80.0601 344.261
106.032 345.407
132.278 346.491
158.544 347.622
184.991 348.749
211.67 349.908
238.597 351.109
265.703 352.294
293.108 353.51
320.64 354.713
348.423 356.033
376.459 357.344
404.643 358.652
432.914 360.039
77.8468 371.808
103.807 372.977
129.936 374.259
156.279 375.481
182.686 376.702
209.435 377.955
236.387 379.239
263.515 380.508
290.909 381.79
318.51 383.196
346.347 384.541
374.377 385.929
402.598 387.343
430.952 388.744
75.6856 399.477
101.6 400.759
127.724 402.082
154.003 403.432
180.484 404.741
207.227 406.132
234.207 407.483
261.363 408.833
288.76 410.299
316.434 411.684
344.271 413.215
372.364 414.64
400.612 416.168
428.999 417.636
73.4216 427.267
99.4226 428.531
125.516 429.928
151.785 431.375
178.29 432.803
205.016 434.281
232.021 435.705
259.238 437.225
286.662 438.707
314.392 440.3
342.259 441.804
370.382 443.402
398.66 444.934
427.143 446.536
