337.746 249.51
363.456 249.691
389.503 249.956
415.819 250.237
442.458 250.488
469.461 250.862
496.759 251.358
524.348 251.833
552.267 252.496
580.363 253.205
608.634 253.957
637.271 254.823
665.992 255.798
694.788 256.837
335.613 276.388
361.349 276.67
387.433 277.109
413.775 277.49
440.471 277.932
467.474 278.461
494.809 279.054
522.456 279.671
550.391 280.414
578.518 281.245
606.85 282.107
635.504 283.081
664.347 284.117
693.23 285.248
333.543 303.452
359.261 303.89
385.337 304.436
411.714 304.97
438.43 305.55
465.485 306.24
492.86 306.923
520.509 307.685
548.485 308.531
576.654 309.447
605.115 310.446
633.735 311.481
662.603 312.59
691.55 313.757
331.441 330.531
357.205 331.195
383.304 331.792
409.673 332.514
436.399 333.288
463.481 334.071
490.87 334.877
518.562 335.781
546.556 336.73
574.801 337.753
603.314 338.831
632.023 340.042
660.891 341.255
689.893 342.496
329.291 357.685
355.106 358.517
381.257 359.358
407.646 360.203
434.401 361.077
461.488 361.995
488.923 362.993
516.618 364.046
544.658 365.144
572.955 366.272
601.479 367.466
630.273 368.694
659.214 370.033
688.257 371.372
327.151 385.071
352.944 385.991
379.202 386.974
405.633 387.988
432.414 389.068
459.524 390.168
486.992 391.295
514.715 392.469
542.759 393.664
571.146 394.937
599.632 396.273
628.475 397.62
657.462 399.004
686.525 400.463
325.113 412.411
350.876 413.512
377.166 414.639
403.603 415.819
430.401 417.088
457.549 418.336
485.073 419.593
512.801 420.908
540.915 422.332
569.287 423.669
597.818 425.151
626.665 426.574
655.69 428.098
684.779 429.572
323.201 439.806
348.937 441.121
375.138 442.432
401.601 443.755
428.427 445.173
455.582 446.542
483.156 447.986
510.904 449.463
539.061 450.939
567.429 452.494
596.041 454.046
624.867 455.597
653.914 457.212
683.094 458.772
321.249 467.406
347.017 468.782
373.196 470.318
399.633 471.783
426.472 473.364
453.627 474.874
481.231 476.483
509.028 478.081
537.214 479.691
565.56 481.372
594.218 483.046
623.09 484.697
652.177 486.423
681.332 488.13
319.246 494.978
345.078 496.523
371.25 498.176
397.696 499.791
424.511 501.503
451.703 503.223
479.309 504.921
507.16 506.652
535.323 508.43
563.713 510.245
592.382 512.005
621.295 513.768
650.372 515.571
679.531 517.391
