819.281 260.809
848.439 262.254
877.728 263.632
907.052 265.102
936.324 266.557
965.628 268.133
995.029 269.713
1024.37 271.373
1053.7 273.072
1083.1 274.719
1112.44 276.495
1141.87 278.205
1171.37 279.968
1200.82 281.64
817.87 289.383
847.089 290.765
876.43 292.299
905.736 293.778
935.067 295.374
964.409 296.951
993.793 298.603
1023.18 300.314
1052.54 301.985
1081.9 303.721
1111.32 305.477
1140.7 307.285
1170.25 308.983
1199.7 310.748
816.547 318.176
845.723 319.607
875.085 321.185
904.441 322.701
933.731 324.354
963.15 325.967
992.537 327.665
1021.9 329.4
1051.37 331.161
1080.72 332.858
1110.13 334.654
1139.55 336.411
1169.09 338.253
1198.57 339.945
815.149 346.957
844.39 348.524
873.682 350.109
903.073 351.691
932.398 353.372
961.778 355.067
991.264 356.748
1020.62 358.516
1050.1 360.302
1079.5 362.07
1108.89 363.822
1138.4 365.668
1167.86 367.434
1197.39 369.286
813.503 375.9
842.838 377.527
872.287 379.191
901.632 380.794
930.976 382.508
960.421 384.256
989.867 385.977
1019.33 387.739
1048.75 389.541
1078.22 391.345
1107.64 393.182
1137.13 394.931
1166.59 396.799
1196.14 398.556
811.802 405.05
841.251 406.656
870.68 408.379
900.169 410.111
929.525 411.796
958.993 413.581
988.453 415.391
1017.9 417.197
1047.39 418.956
1076.82 420.784
1106.28 422.597
1135.75 424.482
1165.25 426.273
1194.74 428.131
810.211 434.193
839.578 435.856
869.14 437.612
898.554 439.394
927.977 441.2
957.476 442.958
986.965 444.781
1016.43 446.595
1045.89 448.468
1075.35 450.286
1104.76 452.16
1134.28 453.922
1163.75 455.794
1193.29 457.581
808.558 463.401
837.952 465.188
867.45 466.933
896.916 468.757
926.388 470.574
955.851 472.419
985.406 474.245
1014.84 476.106
1044.37 477.902
1073.77 479.789
1103.23 481.608
1132.67 483.509
1162.21 485.3
1191.69 487.179
806.817 492.786
836.287 494.57
865.738 496.424
895.277 498.281
924.697 500.123
954.253 501.918
983.773 503.777
1013.25 505.617
1042.74 507.503
1072.18 509.344
1101.57 511.263
1131.04 513.065
1160.53 514.944
1190.01 516.719
804.921 522.237
834.478 524.013
864.008 525.814
893.541 527.701
923.017 529.589
952.56 531.458
982.11 533.326
1011.58 535.192
1041.07 537.013
1070.52 538.902
1099.86 540.73
1129.37 542.639
1158.77 544.433
1188.29 546.343
