194.633 248.522
218.512 248.567
242.741 248.586
267.294 248.588
292.07 248.603
317.272 248.682
342.766 248.811
368.615 249.02
394.826 249.306
421.385 249.567
448.24 249.935
475.376 250.426
502.812 250.935
530.479 251.498
192.51 274.627
216.405 274.761
240.614 274.957
265.185 275.18
289.975 275.364
315.173 275.564
340.691 275.817
366.563 276.211
392.772 276.523
419.365 276.948
446.204 277.47
473.381 278.035
500.816 278.619
528.509 279.355
190.437 300.889
214.31 301.237
238.499 301.523
263.067 301.823
287.827 302.237
313.089 302.583
338.609 303.011
364.48 303.483
390.711 303.985
417.307 304.542
444.163 305.189
471.37 305.811
498.855 306.564
526.552 307.393
188.327 327.198
212.228 327.631
236.431 328.136
260.937 328.586
285.721 329.136
310.948 329.635
336.526 330.25
362.402 330.816
388.629 331.496
415.255 332.225
442.145 332.928
469.381 333.726
496.857 334.606
524.621 335.524
186.179 353.524
210.131 354.181
234.369 354.756
258.845 355.443
283.67 356.126
308.879 356.783
334.471 357.546
360.373 358.334
386.604 359.141
413.245 359.949
440.145 360.836
467.41 361.783
494.933 362.782
522.695 363.791
184.029 379.993
207.975 380.747
232.286 381.564
256.792 382.427
281.622 383.286
306.846 384.144
332.447 385.036
358.357 385.962
384.603 386.923
411.264 387.933
438.184 388.971
465.458 390.108
493.064 391.222
520.806 392.378
182.004 406.452
205.919 407.415
230.259 408.394
254.742 409.399
279.606 410.435
304.822 411.47
330.451 412.54
356.378 413.638
382.646 414.774
409.31 415.952
436.253 417.19
463.546 418.403
491.214 419.629
519.01 420.904
180.121 432.971
203.981 434.086
228.231 435.273
252.732 436.459
277.583 437.627
302.82 438.833
328.475 440.124
354.426 441.402
380.71 442.664
407.392 444.048
434.372 445.407
461.675 446.744
489.348 448.169
517.228 449.568
178.221 459.596
202.057 460.871
226.287 462.245
250.759 463.57
275.617 464.936
300.855 466.358
326.531 467.742
352.473 469.213
378.805 470.65
405.502 472.18
432.504 473.669
459.817 475.233
487.529 476.741
515.42 478.332
176.228 486.304
200.149 487.659
224.337 489.191
248.826 490.668
273.659 492.256
298.94 493.761
324.585 495.392
350.565 496.963
376.925 498.608
403.643 500.305
430.643 501.953
458.065 503.622
485.71 505.331
513.645 507.002
