479.745 189.543
508.449 191.781
537.123 194.188
565.65 196.502
594.05 198.888
622.388 201.444
650.528 204.025
678.5 206.688
706.327 209.481
733.828 212.267
761.179 215.191
788.274 218.093
815.064 221.109
841.499 224.086
477.603 217.465
506.366 219.663
535.138 221.95
563.695 224.322
592.231 226.652
620.556 229.154
648.789 231.66
676.845 234.285
704.704 236.875
732.401 239.625
759.71 242.397
786.865 245.256
813.759 248.087
840.328 250.969
475.559 245.646
504.343 247.78
533.118 250.051
561.763 252.319
590.329 254.618
618.741 257.048
647.132 259.499
675.238 262.014
703.216 264.581
730.853 267.206
758.363 269.853
785.564 272.556
812.507 275.345
839.161 278.105
473.465 273.895
502.346 276.078
531.165 278.236
559.846 280.456
588.443 282.697
616.962 285.058
645.382 287.436
673.549 289.845
701.576 292.356
729.408 294.845
756.881 297.431
784.25 300.066
811.26 302.652
837.872 305.337
471.296 302.365
500.288 304.441
529.196 306.563
557.957 308.707
586.585 310.936
615.201 313.232
643.634 315.523
671.877 317.847
700.016 320.311
727.835 322.68
755.471 325.204
782.801 327.643
809.862 330.23
836.611 332.671
469.11 330.968
498.158 333.035
527.184 335.134
556.053 337.27
584.714 339.418
613.407 341.6
641.88 343.841
670.27 346.17
698.41 348.456
726.338 350.755
753.961 353.168
781.407 355.534
808.516 357.907
835.309 360.354
467.015 359.643
496.109 361.669
525.208 363.714
554.134 365.795
582.857 367.94
611.578 370.116
640.21 372.306
668.55 374.479
696.75 376.693
724.698 378.931
752.427 381.24
779.865 383.471
807.109 385.736
833.871 388.004
465.058 388.513
494.157 390.494
523.221 392.498
552.208 394.549
581.03 396.599
609.767 398.669
638.44 400.764
666.844 402.892
695.146 405.052
723.144 407.239
750.823 409.381
778.383 411.519
805.572 413.64
832.46 415.768
463.057 417.562
492.203 419.469
521.315 421.445
550.326 423.428
579.227 425.425
608.007 427.432
636.683 429.458
665.187 431.479
693.475 433.521
721.51 435.557
749.292 437.62
776.779 439.645
804.064 441.691
830.909 443.685
460.939 446.676
490.235 448.508
519.406 450.4
548.457 452.338
577.389 454.283
606.26 456.21
634.942 458.146
663.468 460.081
691.767 462.01
719.859 463.961
747.635 465.897
775.251 467.819
802.485 469.717
829.388 471.61
