651.013 254.79
679.611 255.73
708.5 256.773
737.481 257.801
766.48 258.926
795.665 260.194
824.965 261.474
854.282 262.806
883.622 264.322
912.965 265.762
942.338 267.394
971.698 268.981
1001.11 270.677
1030.4 272.376
649.353 282.927
677.997 283.983
706.908 285.123
735.935 286.284
765.045 287.473
794.279 288.729
823.588 290.151
852.922 291.542
882.38 293.044
911.741 294.571
941.166 296.214
970.571 297.844
1000 299.533
1029.34 301.282
647.676 311.371
676.41 312.46
705.334 313.621
734.413 314.844
763.511 316.207
792.769 317.538
822.209 318.984
851.568 320.457
881.061 322.01
910.498 323.566
939.909 325.25
969.409 326.866
998.839 328.601
1028.24 330.351
646.001 339.747
674.749 341.03
703.701 342.294
732.789 343.584
761.938 344.968
791.316 346.413
820.691 347.877
850.179 349.457
879.652 351.029
909.196 352.635
938.628 354.317
968.189 356.03
997.627 357.73
1027.05 359.512
644.201 368.386
673.07 369.666
702.09 371.061
731.231 372.456
760.4 373.883
789.717 375.404
819.227 376.94
848.674 378.533
878.271 380.213
907.757 381.799
937.339 383.552
966.839 385.294
996.383 387.061
1025.76 388.747
642.337 397.137
671.248 398.519
700.358 399.962
729.538 401.475
758.736 403.001
788.188 404.579
817.641 406.216
847.212 407.828
876.727 409.524
906.356 411.265
935.876 412.938
965.474 414.72
995.015 416.476
1024.45 418.294
640.501 425.879
669.438 427.411
698.587 428.943
727.765 430.532
757.106 432.202
786.527 433.794
816.072 435.514
845.591 437.215
875.239 438.925
904.786 440.653
934.388 442.458
963.957 444.24
993.534 445.998
1022.98 447.736
638.734 454.739
667.664 456.394
696.761 458.013
726.047 459.69
755.372 461.409
784.799 463.131
814.416 464.811
843.964 466.584
873.591 468.371
903.23 470.195
932.767 471.947
962.395 473.745
991.936 475.51
1021.45 477.332
636.949 483.77
665.85 485.479
695.014 487.248
724.279 488.968
753.6 490.713
783.105 492.506
812.664 494.323
842.293 496.094
871.903 497.882
901.534 499.695
931.145 501.552
960.703 503.37
990.314 505.189
1019.74 506.927
635.014 512.824
664.04 514.578
693.219 516.39
722.471 518.24
751.792 520.07
781.35 521.859
810.91 523.71
840.523 525.551
870.206 527.424
899.811 529.281
929.401 531.112
959.017 532.917
988.562 534.697
1018.04 536.536
