732.558 206.075
760.842 208.057
789.18 210.093
817.356 212.153
845.344 214.26
873.308 216.424
901.099 218.666
928.701 220.95
956.245 223.361
983.546 225.682
1010.66 228.162
1037.7 230.578
1064.57 233.058
1091.24 235.488
731.127 233.786
759.415 235.727
787.732 237.777
815.977 239.848
844.049 241.974
872.004 244.194
899.863 246.383
927.556 248.636
955.147 250.94
982.477 253.322
1009.64 255.645
1036.68 258.081
1063.6 260.454
1090.3 262.833
729.641 261.777
757.998 263.726
786.368 265.729
814.588 267.794
842.7 269.911
870.712 272.055
898.646 274.298
926.404 276.505
953.991 278.746
981.408 281.062
1008.61 283.394
1035.69 285.665
1062.61 288.042
1089.36 290.374
728.168 289.858
756.571 291.828
784.945 293.801
813.268 295.847
841.373 297.916
869.455 300.09
897.419 302.246
925.191 304.442
952.808 306.612
980.324 308.862
1007.54 311.152
1034.65 313.437
1061.61 315.676
1088.36 317.965
726.49 318.14
755.053 320.071
783.504 322.059
811.806 324.068
840.008 326.122
868.145 328.219
896.147 330.353
923.929 332.483
951.615 334.642
979.165 336.809
1006.44 339.046
1033.58 341.271
1060.53 343.499
1087.3 345.647
724.764 346.549
753.414 348.481
781.957 350.441
810.397 352.452
838.591 354.479
866.74 356.541
894.77 358.616
922.646 360.724
950.388 362.831
977.893 364.994
1005.25 367.164
1032.43 369.329
1059.39 371.446
1086.17 373.58
723.152 375.063
751.74 376.94
780.429 378.9
808.826 380.886
837.149 382.913
865.367 384.946
893.445 387.013
921.331 389.08
949.089 391.182
976.593 393.249
1003.94 395.338
1031.16 397.401
1058.17 399.475
1084.9 401.495
721.542 403.666
750.224 405.578
778.769 407.516
807.333 409.496
835.616 411.462
863.857 413.464
891.983 415.453
919.892 417.481
947.678 419.487
975.261 421.523
1002.58 423.534
1029.77 425.554
1056.77 427.518
1083.59 429.518
719.843 432.53
748.562 434.384
777.244 436.315
805.715 438.23
834.148 440.184
862.411 442.105
890.546 444.061
918.465 445.971
946.288 447.95
973.813 449.882
1001.2 451.85
1028.4 453.776
1055.39 455.715
1082.17 457.587
718.046 461.446
746.85 463.252
775.582 465.073
804.185 466.946
832.554 468.819
860.852 470.715
889.045 472.61
917.005 474.514
944.773 476.405
972.405 478.322
999.72 480.195
1026.92 482.053
1053.89 483.826
1080.65 485.69
