567.184 196.697
595.551 198.249
624.12 199.808
652.598 201.457
681.092 203.168
709.584 204.95
738.115 206.819
766.468 208.817
794.761 210.907
822.972 213.054
851.034 215.315
878.979 217.557
906.749 219.899
934.352 222.296
565.298 224.447
593.699 225.977
622.359 227.586
650.895 229.292
679.466 230.985
708.034 232.78
736.571 234.708
765.065 236.675
793.439 238.715
821.682 240.843
849.766 243.025
877.793 245.314
905.653 247.541
933.3 249.863
563.437 252.466
591.893 253.991
620.543 255.601
649.242 257.324
677.772 259.065
706.452 260.86
735.103 262.755
763.569 264.722
792.083 266.759
820.4 268.826
848.561 271.015
876.625 273.203
904.55 275.445
932.263 277.661
561.52 280.525
590.156 282.163
618.762 283.731
647.493 285.463
676.155 287.235
704.812 289.065
733.519 290.925
762.143 292.883
790.623 294.873
819.084 296.954
847.317 299.079
875.437 301.254
903.405 303.419
931.145 305.606
559.537 308.754
588.283 310.411
617.021 312.085
645.73 313.753
674.472 315.546
703.258 317.391
731.957 319.299
760.601 321.224
789.233 323.222
817.65 325.228
845.995 327.32
874.198 329.42
902.188 331.556
929.944 333.656
557.518 337.26
586.317 338.844
615.192 340.559
644.015 342.329
672.743 344.125
701.59 345.93
730.409 347.806
759.118 349.729
787.709 351.688
816.282 353.69
844.59 355.724
872.832 357.799
900.876 359.873
928.691 361.99
555.58 365.726
584.41 367.433
613.349 369.186
642.236 370.908
671.049 372.724
699.889 374.575
728.757 376.471
757.53 378.391
786.24 380.358
814.727 382.314
843.178 384.336
871.453 386.329
899.541 388.37
927.41 390.374
553.72 394.424
582.557 396.152
611.474 397.863
640.417 399.657
669.315 401.486
698.232 403.352
727.156 405.215
755.916 407.116
784.64 409.023
813.271 410.981
841.646 412.923
869.983 414.897
898.125 416.834
925.984 418.8
551.83 423.323
580.692 424.982
609.646 426.731
638.589 428.556
667.552 430.405
696.504 432.238
725.483 434.105
754.328 435.929
783.086 437.838
811.666 439.732
840.148 441.674
868.465 443.602
896.593 445.523
924.488 447.425
549.821 452.244
578.798 453.903
607.79 455.655
636.793 457.479
665.751 459.322
694.775 461.151
723.734 462.956
752.633 464.796
781.448 466.672
810.118 468.565
838.557 470.456
866.888 472.339
895.061 474.195
922.938 476.008
